,id_codedep_codecommune,PMUN,PCAP,PTOT
0,1,186,7,193
1,2,290,10,300
2,3,621,8,629
3,4,296,3,299
4,5,103,3,106
5,6,252,6,258
6,7,305,5,310
7,8,2067,40,2107
8,9,807,24,831
9,10,323,6,329
10,11,22980,410,23390
11,12,503,13,516
12,13,502,11,513
13,14,324,8,332
14,15,232,4,236
15,16,1059,20,1079
16,17,1795,24,1819
17,18,357,4,361
18,19,859,25,884
19,20,61,1,62
20,21,46,0,46
21,22,53,3,56
22,23,214,8,222
23,24,1149,17,1166
24,25,107,1,108
25,26,622,7,629
26,27,1877,38,1915
27,28,266,5,271
28,29,229,3,232
29,30,166,1,167
30,31,1124,14,1138
31,32,3490,48,3538
32,33,1212,45,1257
33,34,5852,27,5879
34,35,330,3,333
35,36,209,7,216
36,37,70,1,71
37,38,1447,117,1564
38,39,2390,56,2446
39,40,544,13,557
40,41,452,7,459
41,42,1400,20,1420
42,43,2904,60,2964
43,44,383,6,389
44,45,4309,34,4343
45,46,503,1,504
46,47,167,1,168
47,48,90,1,91
48,49,376,12,388
49,50,458,12,470
50,51,79,1,80
51,52,991,28,1019
52,53,2338,32,2370
53,54,610,8,618
54,55,581,11,592
55,56,511,4,515
56,57,604,22,626
57,58,69,2,71
58,59,7957,108,8065
59,60,971,5,976
60,61,311,5,316
61,62,160,0,160
62,63,405,7,412
63,64,380,8,388
64,65,1142,29,1171
65,66,6834,164,6998
66,67,327,9,336
67,68,464,8,472
68,69,798,5,803
69,70,1619,33,1652
70,71,808,11,819
71,72,1021,24,1045
72,73,467,3,470
73,74,872,13,885
74,75,124,2,126
75,76,662,16,678
76,77,88,2,90
77,78,105,3,108
78,79,390,3,393
79,80,297,7,304
80,81,204,7,211
81,82,307,2,309
82,83,143,1,144
83,84,309,5,314
84,85,274,7,281
85,86,1259,25,1284
86,87,202,5,207
87,88,714,8,722
88,89,826,10,836
89,90,3229,57,3286
90,91,359,14,373
91,92,178,2,180
92,93,391,3,394
93,94,109,1,110
94,95,250,0,250
95,96,122,3,125
96,97,29600,400,30000
97,98,245,4,249
98,99,32602,862,33464
99,100,1069,32,1101
100,101,462,52,514
101,102,84,2,86
102,103,253,4,257
103,104,312,8,320
104,105,266,3,269
105,106,240,4,244
106,107,442,7,449
107,108,105,4,109
108,109,421,9,430
109,110,178,4,182
110,111,4153,439,4592
111,112,3044,97,3141
112,113,654,16,670
113,114,182,5,187
114,115,1149,22,1171
115,116,255,4,259
116,117,1037,26,1063
117,118,1899,35,1934
118,119,2796,95,2891
119,120,1772,23,1795
120,121,309,12,321
121,122,285,9,294
122,123,409,10,419
123,124,857,10,867
124,125,133,4,137
125,126,869,29,898
126,127,380,8,388
127,128,226,9,235
128,129,304,7,311
129,130,269,9,278
130,131,2071,32,2103
131,132,1831,59,1890
132,133,1410,230,1640
133,134,1464,27,1491
134,135,75,0,75
135,136,372,6,378
136,137,467,4,471
137,138,5396,170,5566
138,139,518,13,531
139,140,1637,35,1672
140,141,444,16,460
141,142,425,8,433
142,143,94,0,94
143,144,726,54,780
144,145,269,7,276
145,146,271,7,278
146,147,241,6,247
147,148,896,18,914
148,149,276,5,281
149,150,1698,37,1735
150,151,4677,144,4821
151,152,1579,39,1618
152,153,1272,29,1301
153,154,4143,74,4217
154,155,4014,138,4152
155,156,77,3,80
156,157,232,9,241
157,158,2512,57,2569
158,159,2767,34,2801
159,160,60,1,61
160,161,8560,80,8640
161,162,563,11,574
162,163,1473,63,1536
163,164,397,11,408
164,165,4421,141,4562
165,166,270,5,275
166,167,1420,27,1447
167,168,215,3,218
168,169,551,18,569
169,170,383,5,388
170,171,834,14,848
171,172,172,2,174
172,173,134,2,136
173,174,237,5,242
174,175,1490,102,1592
175,176,150,2,152
176,177,205,3,208
177,178,433,16,449
178,179,182,4,186
179,180,304,6,310
180,181,1171,18,1189
181,182,997,24,1021
182,183,2833,31,2864
183,184,2952,26,2978
184,185,5717,53,5770
185,186,4444,109,4553
186,187,987,27,1014
187,188,191,4,195
188,189,115,6,121
189,190,887,12,899
190,191,77,0,77
191,192,520,3,523
192,193,62,1,63
193,194,13,0,13
194,195,136,1,137
195,196,172,5,177
196,197,670,7,677
197,198,133,6,139
198,199,2383,32,2415
199,200,236,1,237
200,201,6189,555,6744
201,202,9691,265,9956
202,203,549,3,552
203,204,378,163,541
204,205,238,2,240
205,206,190,5,195
206,207,168,2,170
207,208,3270,47,3317
208,209,1470,17,1487
209,210,102,1,103
210,211,172,1,173
211,212,262,9,271
212,213,226,30,256
213,214,238,11,249
214,215,25,0,25
215,216,1679,22,1701
216,217,396,8,404
217,218,3923,42,3965
218,219,3546,38,3584
219,220,203,1,204
220,221,267,5,272
221,222,145133,3203,148336
222,223,1320,14,1334
223,224,94,0,94
224,225,30463,577,31040
225,226,5804,78,5882
226,227,170,1,171
227,228,34,4,38
228,229,118,0,118
229,230,56,0,56
230,231,64,3,67
231,232,122,1,123
232,233,9881,198,10079
233,234,148,3,151
234,235,294,4,298
235,236,196,3,199
236,237,71361,867,72228
237,238,1075,15,1090
238,239,296,3,299
239,240,104,1,105
240,241,81,1,82
241,242,333,5,338
242,243,534,6,540
243,244,156,2,158
244,245,1313,33,1346
245,246,293,8,301
246,247,29,2,31
247,248,3456,69,3525
248,249,1464,35,1499
249,250,928,36,964
250,251,561,21,582
251,252,176,4,180
252,253,79,2,81
253,254,627,18,645
254,255,240,7,247
255,256,9779,166,9945
256,257,206,3,209
257,258,19502,564,20066
258,259,618,23,641
259,260,48902,1723,50625
260,261,221,6,227
261,262,3294,58,3352
262,263,365,10,375
263,264,147,2,149
264,265,239,9,248
265,266,2947,42,2989
266,267,518,5,523
267,268,1771,26,1797
268,269,121,4,125
269,270,121,7,128
270,271,1985,37,2022
271,272,158,6,164
272,273,989,14,1003
273,274,737,10,747
274,275,2576,55,2631
275,276,441,16,457
276,277,324,6,330
277,278,624,11,635
278,279,25870,752,26622
279,280,386,3,389
280,281,383,1,384
281,282,131,2,133
282,283,1102,35,1137
283,284,606,9,615
284,285,50,0,50
285,286,44805,161,44966
286,287,354,6,360
287,288,198,3,201
288,289,1124,13,1137
289,290,6120,56,6176
290,291,1753,28,1781
291,292,158,2,160
292,293,314,10,324
293,294,572,7,579
294,295,1458,52,1510
295,296,768,24,792
296,297,2546,77,2623
297,298,1592,16,1608
298,299,151,5,156
299,300,472,14,486
300,301,442,6,448
301,302,293,6,299
302,303,3886,128,4014
303,304,167,3,170
304,305,499,13,512
305,306,1791,50,1841
306,307,799,9,808
307,308,242,4,246
308,309,203,4,207
309,310,196,1,197
310,311,252,4,256
311,312,196,10,206
312,313,3968,102,4070
313,314,21372,225,21597
314,315,2626,54,2680
315,316,546,30,576
316,317,117,4,121
317,318,500,13,513
318,319,487,5,492
319,320,173,4,177
320,321,946,18,964
321,322,248,5,253
322,323,253,5,258
323,324,740,16,756
324,325,3456,59,3515
325,326,175,1,176
326,327,795,6,801
327,328,787,14,801
328,329,385,9,394
329,330,223,4,227
330,331,4023,106,4129
331,332,2495,77,2572
332,333,119,7,126
333,334,156,3,159
334,335,104,0,104
335,336,593,13,606
336,337,147,4,151
337,338,54,0,54
338,339,207,2,209
339,340,355,4,359
340,341,433,11,444
341,342,905,13,918
342,343,607,7,614
343,344,599,18,617
344,345,4681,125,4806
345,346,72,0,72
346,347,1070,19,1089
347,348,894,17,911
348,349,260,3,263
349,350,288,2,290
350,351,654,2,656
351,352,1622,30,1652
352,353,2975,53,3028
353,354,133,2,135
354,355,762,18,780
355,356,2191,30,2221
356,357,824,8,832
357,358,2890,30,2920
358,359,463,11,474
359,360,1068,21,1089
360,361,1158,19,1177
361,362,377,9,386
362,363,747,90,837
363,364,129,2,131
364,365,874,18,892
365,366,953,17,970
366,367,415,8,423
367,368,1164,25,1189
368,369,294,4,298
369,370,669,10,679
370,371,445,20,465
371,372,122,2,124
372,373,330,4,334
373,374,136,6,142
374,375,984,12,996
375,376,351,11,362
376,377,2535,51,2586
377,378,53,2,55
378,379,850,18,868
379,380,389,4,393
380,381,213,1,214
381,382,2851,46,2897
382,383,50,0,50
383,384,213,10,223
384,385,840,24,864
385,386,5659,130,5789
386,387,1363,22,1385
387,388,370,7,377
388,389,577,7,584
389,390,380,13,393
390,391,251,10,261
391,392,691,24,715
392,393,622,9,631
393,394,267,13,280
394,395,25,0,25
395,396,389,8,397
396,397,172,3,175
397,398,1582,22,1604
398,399,215,3,218
399,400,41837,615,42452
400,401,3645,61,3706
401,402,2185,26,2211
402,403,317,4,321
403,404,711,6,717
404,405,929,11,940
405,406,822,7,829
406,407,350,5,355
407,408,704,21,725
408,409,2739,54,2793
409,410,444,49,493
410,411,1759,37,1796
411,412,36,1,37
412,413,2098,23,2121
413,414,185,5,190
414,415,68,0,68
415,416,164,4,168
416,417,1046,21,1067
417,418,231,4,235
418,419,224,1,225
419,420,290,8,298
420,421,16636,156,16792
421,422,64,0,64
422,423,5593,74,5667
423,424,27,0,27
424,425,566,11,577
425,426,380,6,386
426,427,580,20,600
427,428,6655,245,6900
428,429,176,8,184
429,430,467,6,473
430,431,72,1,73
431,432,1903,47,1950
432,433,1757,29,1786
433,434,6138,67,6205
434,435,67,0,67
435,436,1747,17,1764
436,437,399,6,405
437,438,1138,54,1192
438,439,1946,30,1976
439,440,387,3,390
440,441,191,5,196
441,442,133,5,138
442,443,241,2,243
443,444,112,6,118
444,445,12533,379,12912
445,446,1961,52,2013
446,447,104,7,111
447,448,957,25,982
448,449,87,2,89
449,450,891,23,914
450,451,1010,40,1050
451,452,117,9,126
452,453,71,0,71
453,454,221,0,221
454,455,218,6,224
455,456,2639,69,2708
456,457,2800,115,2915
457,458,208,4,212
458,459,468,14,482
459,460,110,4,114
460,461,762,15,777
461,462,3053,19,3072
462,463,310,2,312
463,464,14134,380,14514
464,465,584,9,593
465,466,1751,25,1776
466,467,146,5,151
467,468,132,8,140
468,469,450,9,459
469,470,83,2,85
470,471,205,6,211
471,472,628,8,636
472,473,467,1,468
473,474,167,4,171
474,475,48,1,49
475,476,1356,19,1375
476,477,1196,14,1210
477,478,3306,31,3337
478,479,173,4,177
479,480,486,11,497
480,481,848,23,871
481,482,216,8,224
482,483,134706,2674,137380
483,484,386,9,395
484,485,154,5,159
485,486,729,23,752
486,487,826,5,831
487,488,13233,590,13823
488,489,54,0,54
489,490,1761,48,1809
490,491,585,3,588
491,492,10416,72,10488
492,493,274,6,280
493,494,92,3,95
494,495,162,2,164
495,496,233,1,234
496,497,1569,23,1592
497,498,344,13,357
498,499,82,0,82
499,500,4919,119,5038
500,501,300,4,304
501,502,337,17,354
502,503,25,0,25
503,504,2749,45,2794
504,505,913,24,937
505,506,432,9,441
506,507,404,5,409
507,508,170,7,177
508,509,3542,47,3589
509,510,568,21,589
510,511,253,4,257
511,512,615,16,631
512,513,675,10,685
513,514,917,15,932
514,515,538,19,557
515,516,11037,398,11435
516,517,2662,73,2735
517,518,264,14,278
518,519,450,7,457
519,520,210,4,214
520,521,240,2,242
521,522,423,11,434
522,523,72,1,73
523,524,512,4,516
524,525,936,22,958
525,526,269,8,277
526,527,630,10,640
527,528,344,4,348
528,529,373,6,379
529,530,152,4,156
530,531,443,18,461
531,532,668,15,683
532,533,1518,30,1548
533,534,853,22,875
534,535,160,6,166
535,536,1370,28,1398
536,537,264,3,267
537,538,1205,23,1228
538,539,1337,35,1372
539,540,279,4,283
540,541,1144,36,1180
541,542,216,9,225
542,543,253,7,260
543,544,143,4,147
544,545,244,2,246
545,546,472,9,481
546,547,1171,21,1192
547,548,867,10,877
548,549,93,1,94
549,550,509,11,520
550,551,483,4,487
551,552,257,3,260
552,553,12242,275,12517
553,554,259,6,265
554,555,326,9,335
555,556,3286,49,3335
556,557,121,1,122
557,558,288,7,295
558,559,105,1,106
559,560,229,8,237
560,561,1738,70,1808
561,562,662,21,683
562,563,2182,73,2255
563,564,648,5,653
564,565,258,6,264
565,566,191,5,196
566,567,2319,50,2369
567,568,946,9,955
568,569,406,8,414
569,570,136,3,139
570,571,1554,23,1577
571,572,1379,26,1405
572,573,286,5,291
573,574,425,12,437
574,575,13302,147,13449
575,576,9963,150,10113
576,577,3327,41,3368
577,578,1303,31,1334
578,579,2697,103,2800
579,580,911,23,934
580,581,503,9,512
581,582,319,8,327
582,583,390,3,393
583,584,128,0,128
584,585,157,7,164
585,586,356,8,364
586,587,155850,3080,158930
587,588,192,1,193
588,589,185,3,188
589,590,1405,15,1420
590,591,1363,37,1400
591,592,1078,30,1108
592,593,1723,26,1749
593,594,249,5,254
594,595,1253,29,1282
595,596,1393,29,1422
596,597,512,11,523
597,598,147,3,150
598,599,172,5,177
599,600,931,12,943
600,601,350,16,366
601,602,731,28,759
602,603,221,6,227
603,604,333,9,342
604,605,383,4,387
605,606,885,19,904
606,607,1105,17,1122
607,608,168,3,171
608,609,67,0,67
609,610,347,14,361
610,611,648,6,654
611,612,121,2,123
612,613,39719,1121,40840
613,614,617,23,640
614,615,834,11,845
615,616,151,7,158
616,617,139,4,143
617,618,502,8,510
618,619,588,10,598
619,620,76,1,77
620,621,223,4,227
621,622,4050,101,4151
622,623,41603,1687,43290
623,624,274,9,283
624,625,97,5,102
625,626,561,34,595
626,627,4698,57,4755
627,628,2129,49,2178
628,629,931,25,956
629,630,323,4,327
630,631,1154,14,1168
631,632,818,23,841
632,633,380,10,390
633,634,890,9,899
634,635,2918,39,2957
635,636,10085,83,10168
636,637,738,22,760
637,638,2574,53,2627
638,639,143,3,146
639,640,1045,24,1069
640,641,322,8,330
641,642,589,22,611
642,643,81,2,83
643,644,244,3,247
644,645,268,8,276
645,646,4377,25,4402
646,647,349,17,366
647,648,207,5,212
648,649,484,14,498
649,650,130721,3380,134101
650,651,140,6,146
651,652,36582,396,36978
652,653,394,4,398
653,654,2143,14,2157
654,655,1419,49,1468
655,656,3281,45,3326
656,657,259,2,261
657,658,1189,23,1212
658,659,386,9,395
659,660,424,10,434
660,661,4063,97,4160
661,662,155,5,160
662,663,5836,46,5882
663,664,404,5,409
664,665,362,5,367
665,666,696,18,714
666,667,237,2,239
667,668,16297,623,16920
668,669,30,2,32
669,670,1031,35,1066
670,671,467,7,474
671,672,84,2,86
672,673,651,13,664
673,674,122,10,132
674,675,91,0,91
675,676,10471,112,10583
676,677,3221,45,3266
677,678,188,3,191
678,679,719,14,733
679,680,3368,68,3436
680,681,271,7,278
681,682,136,2,138
682,683,338,13,351
683,684,124,2,126
684,685,827,23,850
685,686,274,8,282
686,687,79,5,84
687,688,79,1,80
688,689,1208,25,1233
689,690,7538,164,7702
690,691,4001,64,4065
691,692,165,2,167
692,693,57,2,59
693,694,1046,25,1071
694,695,1517,16,1533
695,696,224,3,227
696,697,121,7,128
697,698,624,23,647
698,699,340,8,348
699,700,452,6,458
700,701,71,0,71
701,702,101,5,106
702,703,62,0,62
703,704,414,12,426
704,705,169,5,174
705,706,1077,13,1090
706,707,2198,91,2289
707,708,199,7,206
708,709,73438,1085,74523
709,710,40,0,40
710,711,186,3,189
711,712,285,1,286
712,713,546,19,565
713,714,92,0,92
714,715,256,8,264
715,716,105,7,112
716,717,551,0,551
717,718,183,3,186
718,719,508,5,513
719,720,460,4,464
720,721,407,5,412
721,722,1297,19,1316
722,723,62760,775,63535
723,724,1163,32,1195
724,725,71,1,72
725,726,330,8,338
726,727,258,7,265
727,728,864,10,874
728,729,748,17,765
729,730,300,5,305
730,731,455,8,463
731,732,173,2,175
732,733,527,7,534
733,734,311,2,313
734,735,13329,82,13411
735,736,2751,87,2838
736,737,444,86,530
737,738,555,9,564
738,739,171,4,175
739,740,2882,54,2936
740,741,99,5,104
741,742,205,2,207
742,743,2580,42,2622
743,744,198,1,199
744,745,1070,18,1088
745,746,9482,15,9497
746,747,164,3,167
747,748,186,6,192
748,749,406,8,414
749,750,73,1,74
750,751,281,6,287
751,752,381,11,392
752,753,578,11,589
753,754,182,2,184
754,755,992,11,1003
755,756,1813,37,1850
756,757,549,8,557
757,758,3245,50,3295
758,759,3380,91,3471
759,760,27,1,28
760,761,987,21,1008
761,762,414,8,422
762,763,70,3,73
763,764,187,5,192
764,765,11037,221,11258
765,766,81,2,83
766,767,249,2,251
767,768,456,14,470
768,769,665,15,680
769,770,4219,76,4295
770,771,329,4,333
771,772,174,3,177
772,773,143,4,147
773,774,1851,43,1894
774,775,183,8,191
775,776,602,17,619
776,777,134,1,135
777,778,1335,7,1342
778,779,268,6,274
779,780,242,4,246
780,781,160,2,162
781,782,3349,93,3442
782,783,460,9,469
783,784,86,0,86
784,785,769,21,790
785,786,136,2,138
786,787,322,5,327
787,788,3295,209,3504
788,789,99,2,101
789,790,2342,62,2404
790,791,979,20,999
791,792,111,4,115
792,793,55,0,55
793,794,68,2,70
794,795,910,9,919
795,796,202,3,205
796,797,317,7,324
797,798,128,1,129
798,799,124,3,127
799,800,650,17,667
800,801,313,12,325
801,802,1214,22,1236
802,803,1140,24,1164
803,804,84,1,85
804,805,297,6,303
805,806,729,14,743
806,807,1619,30,1649
807,808,2533,26,2559
808,809,707,14,721
809,810,214,5,219
810,811,2629,49,2678
811,812,11630,268,11898
812,813,983,23,1006
813,814,3195,81,3276
814,815,966,19,985
815,816,507,18,525
816,817,377,9,386
817,818,760,9,769
818,819,607,8,615
819,820,1468,39,1507
820,821,14,0,14
821,822,2609,35,2644
822,823,216,6,222
823,824,190,3,193
824,825,1105,13,1118
825,826,782,12,794
826,827,380,9,389
827,828,338,3,341
828,829,1070,17,1087
829,830,670,13,683
830,831,84,3,87
831,832,215,5,220
832,833,529,7,536
833,834,298,6,304
834,835,2803,81,2884
835,836,2181,60,2241
836,837,559,11,570
837,838,263,5,268
838,839,390,15,405
839,840,118,7,125
840,841,283,11,294
841,842,109,1,110
842,843,224,8,232
843,844,585,10,595
844,845,104,2,106
845,846,21788,122,21910
846,847,403,6,409
847,848,472,12,484
848,849,206,2,208
849,850,72,1,73
850,851,199,7,206
851,852,497,11,508
852,853,13,0,13
853,854,3850,82,3932
854,855,592,6,598
855,856,73,2,75
856,857,855,13,868
857,858,1244,32,1276
858,859,223,5,228
859,860,358,11,369
860,861,1253,22,1275
861,862,116,2,118
862,863,157,4,161
863,864,4403,47,4450
864,865,598,15,613
865,866,597,213,810
866,867,2522,44,2566
867,868,245,1,246
868,869,698,7,705
869,870,1866,48,1914
870,871,30,0,30
871,872,763,11,774
872,873,1074,33,1107
873,874,198,4,202
874,875,633,17,650
875,876,165,7,172
876,877,702,23,725
877,878,219,3,222
878,879,1339,39,1378
879,880,113,1,114
880,881,192,7,199
881,882,2189,32,2221
882,883,973,25,998
883,884,166,2,168
884,885,97,2,99
885,886,105,3,108
886,887,2911,170,3081
887,888,10260,248,10508
888,889,3795,30,3825
889,890,1600,38,1638
890,891,355,6,361
891,892,2063,40,2103
892,893,13395,353,13748
893,894,2896,112,3008
894,895,78,3,81
895,896,111038,557,111595
896,897,220,2,222
897,898,955,20,975
898,899,355,7,362
899,900,324,11,335
900,901,4880,213,5093
901,902,3183,89,3272
902,903,2825,75,2900
903,904,4502,129,4631
904,905,325,8,333
905,906,440,5,445
906,907,112,1,113
907,908,78,1,79
908,909,456,21,477
909,910,71,1,72
910,911,536,13,549
911,912,457,16,473
912,913,77,1,78
913,914,512,15,527
914,915,998,19,1017
915,916,3370,270,3640
916,917,327,3,330
917,918,344,8,352
918,919,28,0,28
919,920,81,4,85
920,921,22,1,23
921,922,601,9,610
922,923,544,6,550
923,924,77,1,78
924,925,75,0,75
925,926,160,1,161
926,927,692,8,700
927,928,1094,34,1128
928,929,443,11,454
929,930,1817,39,1856
930,931,1206,37,1243
931,932,326,7,333
932,933,143,6,149
933,934,50454,789,51243
934,935,2724,38,2762
935,936,23,0,23
936,937,683,12,695
937,938,3177,27,3204
938,939,862,17,879
939,940,101,2,103
940,941,319,5,324
941,942,547,17,564
942,943,231,1,232
943,944,2200,47,2247
944,945,769,6,775
945,946,396,5,401
946,947,74,0,74
947,948,24909,360,25269
948,949,1225,24,1249
949,950,163,7,170
950,951,102,3,105
951,952,283,5,288
952,953,202,7,209
953,954,1513,30,1543
954,955,27,4,31
955,956,90,1,91
956,957,1359,57,1416
957,958,182,3,185
958,959,1136,12,1148
959,960,936,26,962
960,961,36,1,37
961,962,5503,123,5626
962,963,90,4,94
963,964,3897,82,3979
964,965,227,4,231
965,966,218,8,226
966,967,563,10,573
967,968,1384,31,1415
968,969,111,0,111
969,970,21,3,24
970,971,155,3,158
971,972,1676,43,1719
972,973,130,1,131
973,974,14255,80,14335
974,975,939,12,951
975,976,1570,17,1587
976,977,206,5,211
977,978,236,3,239
978,979,86,0,86
979,980,658,18,676
980,981,1819,50,1869
981,982,232,8,240
982,983,143,3,146
983,984,1022,27,1049
984,985,11355,92,11447
985,986,6279,192,6471
986,987,77,3,80
987,988,239,2,241
988,989,222,9,231
989,990,357,7,364
990,991,152,5,157
991,992,659,14,673
992,993,9584,127,9711
993,994,2573,52,2625
994,995,80,3,83
995,996,574,11,585
996,997,157,1,158
997,998,248,2,250
998,999,5392,175,5567
999,1000,126,3,129
1000,1001,135,5,140
1001,1002,51,0,51
1002,1003,474,8,482
1003,1004,67,2,69
1004,1005,41694,788,42482
1005,1006,482,11,493
1006,1007,535,23,558
1007,1008,95,3,98
1008,1009,406,5,411
1009,1010,363,6,369
1010,1011,104,1,105
1011,1012,288,10,298
1012,1013,792,27,819
1013,1014,87,2,89
1014,1015,47,2,49
1015,1016,700,20,720
1016,1017,210,1,211
1017,1018,183,5,188
1018,1019,842,25,867
1019,1020,320,12,332
1020,1021,215,3,218
1021,1022,108,0,108
1022,1023,190,3,193
1023,1024,111,2,113
1024,1025,210,2,212
1025,1026,238,4,242
1026,1027,80,0,80
1027,1028,19,0,19
1028,1029,113,3,116
1029,1030,473,11,484
1030,1031,372,14,386
1031,1032,637,3,640
1032,1033,767,21,788
1033,1034,139,2,141
1034,1035,90,4,94
1035,1036,96,0,96
1036,1037,565,3,568
1037,1038,212,2,214
1038,1039,236,10,246
1039,1040,899,15,914
1040,1041,1302,24,1326
1041,1042,221,12,233
1042,1043,1457,28,1485
1043,1044,4704,53,4757
1044,1045,3747,48,3795
1045,1046,1193,29,1222
1046,1047,334,3,337
1047,1048,45,1,46
1048,1049,306,5,311
1049,1050,100,4,104
1050,1051,769,8,777
1051,1052,1591,208,1799
1052,1053,518,12,530
1053,1054,65,1,66
1054,1055,331,15,346
1055,1056,132,3,135
1056,1057,2649,52,2701
1057,1058,428,18,446
1058,1059,1824,38,1862
1059,1060,259,4,263
1060,1061,1249,18,1267
1061,1062,367,2,369
1062,1063,1951,30,1981
1063,1064,1623,30,1653
1064,1065,97,1,98
1065,1066,349,4,353
1066,1067,101,5,106
1067,1068,472,10,482
1068,1069,1835,42,1877
1069,1070,362,8,370
1070,1071,271,5,276
1071,1072,1218,43,1261
1072,1073,151,1,152
1073,1074,528,5,533
1074,1075,2512,50,2562
1075,1076,594,8,602
1076,1077,562,10,572
1077,1078,288,6,294
1078,1079,32,1,33
1079,1080,1083,28,1111
1080,1081,1851,52,1903
1081,1082,88,1,89
1082,1083,14,1,15
1083,1084,8656,79,8735
1084,1085,265,5,270
1085,1086,3428,64,3492
1086,1087,992,12,1004
1087,1088,912,17,929
1088,1089,1061,12,1073
1089,1090,863,11,874
1090,1091,2239,46,2285
1091,1092,358,4,362
1092,1093,3566,84,3650
1093,1094,1992,41,2033
1094,1095,775,28,803
1095,1096,358,8,366
1096,1097,215,0,215
1097,1098,850,17,867
1098,1099,124,0,124
1099,1100,775,9,784
1100,1101,710,23,733
1101,1102,48,1,49
1102,1103,1057,21,1078
1103,1104,1682,31,1713
1104,1105,1376,33,1409
1105,1106,67,1,68
1106,1107,50,0,50
1107,1108,193,9,202
1108,1109,1220,33,1253
1109,1110,325,6,331
1110,1111,2198,35,2233
1111,1112,537,15,552
1112,1113,1847,54,1901
1113,1114,612,6,618
1114,1115,343,6,349
1115,1116,900,30,930
1116,1117,1899,232,2131
1117,1118,6381,122,6503
1118,1119,449,9,458
1119,1120,4359,113,4472
1120,1121,329,9,338
1121,1122,647,18,665
1122,1123,1136,30,1166
1123,1124,115,2,117
1124,1125,120,1,121
1125,1126,1104,39,1143
1126,1127,175,0,175
1127,1128,1088,19,1107
1128,1129,1119,19,1138
1129,1130,120,3,123
1130,1131,739,12,751
1131,1132,584,8,592
1132,1133,340,9,349
1133,1134,68,1,69
1134,1135,189,9,198
1135,1136,196,5,201
1136,1137,1006,23,1029
1137,1138,1312,26,1338
1138,1139,113,2,115
1139,1140,180,4,184
1140,1141,1248,23,1271
1141,1142,2939,39,2978
1142,1143,76,0,76
1143,1144,87143,666,87809
1144,1145,400,11,411
1145,1146,164,8,172
1146,1147,1120,20,1140
1147,1148,1771,44,1815
1148,1149,1317,26,1343
1149,1150,874,72,946
1150,1151,40,0,40
1151,1152,321,3,324
1152,1153,1662,29,1691
1153,1154,2272,32,2304
1154,1155,99,3,102
1155,1156,803,12,815
1156,1157,128,5,133
1157,1158,746,9,755
1158,1159,514,13,527
1159,1160,119,7,126
1160,1161,135,0,135
1161,1162,291,13,304
1162,1163,143,1,144
1163,1164,104,0,104
1164,1165,769,12,781
1165,1166,1488,42,1530
1166,1167,1942,45,1987
1167,1168,166,4,170
1168,1169,145,2,147
1169,1170,181,1,182
1170,1171,117,3,120
1171,1172,1815,18,1833
1172,1173,303,3,306
1173,1174,633,18,651
1174,1175,1586,36,1622
1175,1176,164,3,167
1176,1177,148,7,155
1177,1178,214,7,221
1178,1179,2004,51,2055
1179,1180,274,3,277
1180,1181,906,17,923
1181,1182,460,13,473
1182,1183,490,10,500
1183,1184,1847,42,1889
1184,1185,2031,39,2070
1185,1186,219,5,224
1186,1187,231,6,237
1187,1188,44,0,44
1188,1189,879,19,898
1189,1190,307,1,308
1190,1191,207,5,212
1191,1192,263,7,270
1192,1193,575,12,587
1193,1194,644,17,661
1194,1195,132,3,135
1195,1196,177,3,180
1196,1197,1045,13,1058
1197,1198,2606,60,2666
1198,1199,900,20,920
1199,1200,35670,331,36001
1200,1201,4217,85,4302
1201,1202,210,5,215
1202,1203,781,10,791
1203,1204,2716,39,2755
1204,1205,1691,8,1699
1205,1206,267,4,271
1206,1207,986,22,1008
1207,1208,2261,32,2293
1208,1209,1881,40,1921
1209,1210,3251,65,3316
1210,1211,563,15,578
1211,1212,212,9,221
1212,1213,206,3,209
1213,1214,103,0,103
1214,1215,354,12,366
1215,1216,784,8,792
1216,1217,872,12,884
1217,1218,208,4,212
1218,1219,45,0,45
1219,1220,253,3,256
1220,1221,47535,451,47986
1221,1222,88,3,91
1222,1223,2895,60,2955
1223,1224,298,6,304
1224,1225,622,20,642
1225,1226,178,5,183
1226,1227,887,21,908
1227,1228,1268,45,1313
1228,1229,12479,776,13255
1229,1230,95,0,95
1230,1231,77,4,81
1231,1232,546,7,553
1232,1233,257,4,261
1233,1234,661,6,667
1234,1235,935,10,945
1235,1236,185,3,188
1236,1237,4551,29,4580
1237,1238,78,1,79
1238,1239,12152,64,12216
1239,1240,155,5,160
1240,1241,363,10,373
1241,1242,1480,29,1509
1242,1243,503,3,506
1243,1244,199,3,202
1244,1245,1674,22,1696
1245,1246,651,14,665
1246,1247,591,12,603
1247,1248,138,1,139
1248,1249,458,6,464
1249,1250,88948,191,89139
1250,1251,705,12,717
1251,1252,376,6,382
1252,1253,347,4,351
1253,1254,1154,25,1179
1254,1255,924,12,936
1255,1256,1107,29,1136
1256,1257,5778,94,5872
1257,1258,468,11,479
1258,1259,605,15,620
1259,1260,538,4,542
1260,1261,6880,104,6984
1261,1262,1166,17,1183
1262,1263,253,4,257
1263,1264,1472,19,1491
1264,1265,104,2,106
1265,1266,529,5,534
1266,1267,167,5,172
1267,1268,310,8,318
1268,1269,151,5,156
1269,1270,5502,128,5630
1270,1271,485,2,487
1271,1272,2115,27,2142
1272,1273,368,11,379
1273,1274,53,3,56
1274,1275,3741,113,3854
1275,1276,742,6,748
1276,1277,400,3,403
1277,1278,10904,154,11058
1278,1279,97,3,100
1279,1280,244,3,247
1280,1281,2363,43,2406
1281,1282,45,0,45
1282,1283,2617,18,2635
1283,1284,418,16,434
1284,1285,982,20,1002
1285,1286,151,1,152
1286,1287,1705,15,1720
1287,1288,120,6,126
1288,1289,361,7,368
1289,1290,370,9,379
1290,1291,321,4,325
1291,1292,3248,183,3431
1292,1293,236,2,238
1293,1294,153,1,154
1294,1295,7239,34,7273
1295,1296,187,1,188
1296,1297,253,8,261
1297,1298,928,77,1005
1298,1299,8968,94,9062
1299,1300,55,3,58
1300,1301,16,0,16
1301,1302,419,6,425
1302,1303,22173,1103,23276
1303,1304,1165,24,1189
1304,1305,10272,44,10316
1305,1306,144,3,147
1306,1307,530,2,532
1307,1308,585,13,598
1308,1309,4678,32,4710
1309,1310,1502,21,1523
1310,1311,1562,16,1578
1311,1312,230,9,239
1312,1313,166,1,167
1313,1314,272,6,278
1314,1315,87,2,89
1315,1316,454,13,467
1316,1317,8680,121,8801
1317,1318,424,13,437
1318,1319,430,11,441
1319,1320,184,3,187
1320,1321,3692,66,3758
1321,1322,121,4,125
1322,1323,372,4,376
1323,1324,397,1,398
1324,1325,280,9,289
1325,1326,13341,208,13549
1326,1327,662,6,668
1327,1328,588,7,595
1328,1329,384,6,390
1329,1330,75,1,76
1330,1331,534,8,542
1331,1332,147,1,148
1332,1333,634,5,639
1333,1334,1109,20,1129
1334,1335,268,4,272
1335,1336,5434,53,5487
1336,1337,2462,48,2510
1337,1338,7048,63,7111
1338,1339,1958,47,2005
1339,1340,499,6,505
1340,1341,649,10,659
1341,1342,87,3,90
1342,1343,173,3,176
1343,1344,1526,31,1557
1344,1345,58,0,58
1345,1346,269,7,276
1346,1347,537,14,551
1347,1348,181,1,182
1348,1349,887,25,912
1349,1350,294,7,301
1350,1351,227,8,235
1351,1352,177,4,181
1352,1353,821,20,841
1353,1354,79,2,81
1354,1355,191,6,197
1355,1356,195,1,196
1356,1357,115,5,120
1357,1358,109,2,111
1358,1359,2165,34,2199
1359,1360,217,5,222
1360,1361,72,1,73
1361,1362,288,3,291
1362,1363,118,2,120
1363,1364,890,21,911
1364,1365,179,7,186
1365,1366,89,1,90
1366,1367,787,16,803
1367,1368,73,2,75
1368,1369,370,10,380
1369,1370,12,1,13
1370,1371,456,7,463
1371,1372,926,32,958
1372,1373,187,1,188
1373,1374,4095,39,4134
1374,1375,130,3,133
1375,1376,188,5,193
1376,1377,500,13,513
1377,1378,86969,410,87379
1378,1379,708,20,728
1379,1380,266,6,272
1380,1381,1142,24,1166
1381,1382,166,6,172
1382,1383,498,12,510
1383,1384,1386,30,1416
1384,1385,278,2,280
1385,1386,359,9,368
1386,1387,7224,71,7295
1387,1388,54,0,54
1388,1389,8840,240,9080
1389,1390,160,4,164
1390,1391,152,2,154
1391,1392,1397,17,1414
1392,1393,160,6,166
1393,1394,159,2,161
1394,1395,704,29,733
1395,1396,1986,53,2039
1396,1397,531,17,548
1397,1398,199,5,204
1398,1399,494,16,510
1399,1400,230,3,233
1400,1401,2351,33,2384
1401,1402,112,3,115
1402,1403,475,7,482
1403,1404,459,25,484
1404,1405,370,9,379
1405,1406,175,4,179
1406,1407,1074,10,1084
1407,1408,590,11,601
1408,1409,64,0,64
1409,1410,226,7,233
1410,1411,136,0,136
1411,1412,1549,25,1574
1412,1413,668,7,675
1413,1414,6090,87,6177
1414,1415,2836,60,2896
1415,1416,247,9,256
1416,1417,262,7,269
1417,1418,692,19,711
1418,1419,2284,37,2321
1419,1420,415,9,424
1420,1421,672,16,688
1421,1422,421,5,426
1422,1423,14141,423,14564
1423,1424,43,4,47
1424,1425,732,10,742
1425,1426,6142,83,6225
1426,1427,1008,20,1028
1427,1428,7864,223,8087
1428,1429,1545,26,1571
1429,1430,244,3,247
1430,1431,789,10,799
1431,1432,921,15,936
1432,1433,230,6,236
1433,1434,228,3,231
1434,1435,399,10,409
1435,1436,147,0,147
1436,1437,173,6,179
1437,1438,1055,21,1076
1438,1439,109,2,111
1439,1440,200,5,205
1440,1441,70,4,74
1441,1442,3200,68,3268
1442,1443,620,23,643
1443,1444,1243,70,1313
1444,1445,25593,1283,26876
1445,1446,213,3,216
1446,1447,335,6,341
1447,1448,12922,162,13084
1448,1449,143,0,143
1449,1450,102,3,105
1450,1451,183,4,187
1451,1452,362,12,374
1452,1453,241,3,244
1453,1454,563,16,579
1454,1455,1049,14,1063
1455,1456,372,6,378
1456,1457,421,9,430
1457,1458,1894,38,1932
1458,1459,271,12,283
1459,1460,515,9,524
1460,1461,78,1,79
1461,1462,790,24,814
1462,1463,5827,135,5962
1463,1464,698,23,721
1464,1465,590,20,610
1465,1466,218,3,221
1466,1467,7209,80,7289
1467,1468,84,0,84
1468,1469,239,2,241
1469,1470,446,8,454
1470,1471,425,10,435
1471,1472,518,10,528
1472,1473,516,17,533
1473,1474,140,1,141
1474,1475,258,21,279
1475,1476,967,19,986
1476,1477,203,3,206
1477,1478,90,4,94
1478,1479,956,19,975
1479,1480,270,8,278
1480,1481,122,2,124
1481,1482,432,9,441
1482,1483,690,8,698
1483,1484,264,11,275
1484,1485,408,6,414
1485,1486,399,3,402
1486,1487,47,0,47
1487,1488,315,9,324
1488,1489,63,0,63
1489,1490,1501,16,1517
1490,1491,374,6,380
1491,1492,385,5,390
1492,1493,336,4,340
1493,1494,161,2,163
1494,1495,820,21,841
1495,1496,272,5,277
1496,1497,124,4,128
1497,1498,923,15,938
1498,1499,308,0,308
1499,1500,149,3,152
1500,1501,138,4,142
1501,1502,56,4,60
1502,1503,289,14,303
1503,1504,356,9,365
1504,1505,355,4,359
1505,1506,584,7,591
1506,1507,56,2,58
1507,1508,3039,103,3142
1508,1509,277,9,286
1509,1510,340,6,346
1510,1511,173,3,176
1511,1512,82,0,82
1512,1513,180,3,183
1513,1514,807,15,822
1514,1515,266,5,271
1515,1516,371,9,380
1516,1517,283,12,295
1517,1518,103,1,104
1518,1519,239,3,242
1519,1520,377,9,386
1520,1521,131,2,133
1521,1522,59,2,61
1522,1523,699,13,712
1523,1524,114,8,122
1524,1525,323,5,328
1525,1526,967,28,995
1526,1527,439,4,443
1527,1528,118,5,123
1528,1529,40,2,42
1529,1530,719,14,733
1530,1531,12987,1022,14009
1531,1532,144,1,145
1532,1533,31,2,33
1533,1534,302,21,323
1534,1535,324,1,325
1535,1536,676,10,686
1536,1537,1273,22,1295
1537,1538,1478,35,1513
1538,1539,237,3,240
1539,1540,6813,102,6915
1540,1541,237,3,240
1541,1542,914,42,956
1542,1543,216,2,218
1543,1544,331,4,335
1544,1545,879,10,889
1545,1546,102,0,102
1546,1547,339,3,342
1547,1548,870,17,887
1548,1549,275,9,284
1549,1550,170,3,173
1550,1551,201,3,204
1551,1552,78,3,81
1552,1553,453,13,466
1553,1554,286,7,293
1554,1555,34451,1103,35554
1555,1556,297,12,309
1556,1557,2572,24,2596
1557,1558,408,12,420
1558,1559,7614,85,7699
1559,1560,914,29,943
1560,1561,234,6,240
1561,1562,1208,25,1233
1562,1563,231,9,240
1563,1564,469,10,479
1564,1565,2004,28,2032
1565,1566,1130,361,1491
1566,1567,377,10,387
1567,1568,167,4,171
1568,1569,99,5,104
1569,1570,4088,247,4335
1570,1571,1578,48,1626
1571,1572,824,26,850
1572,1573,898,22,920
1573,1574,2222,70,2292
1574,1575,358,9,367
1575,1576,702,12,714
1576,1577,150,1,151
1577,1578,1244,26,1270
1578,1579,193,1,194
1579,1580,1740,42,1782
1580,1581,674,18,692
1581,1582,79,2,81
1582,1583,6462,220,6682
1583,1584,2227,31,2258
1584,1585,505,10,515
1585,1586,157,4,161
1586,1587,2200,40,2240
1587,1588,419,9,428
1588,1589,84,2,86
1589,1590,737,16,753
1590,1591,465,13,478
1591,1592,1129,22,1151
1592,1593,1665,22,1687
1593,1594,37,0,37
1594,1595,55,0,55
1595,1596,2641,44,2685
1596,1597,521,5,526
1597,1598,569,2,571
1598,1599,1031,12,1043
1599,1600,74,1,75
1600,1601,3018,41,3059
1601,1602,208,7,215
1602,1603,66,0,66
1603,1604,292,7,299
1604,1605,688,15,703
1605,1606,3953,96,4049
1606,1607,857,14,871
1607,1608,62,1,63
1608,1609,564,16,580
1609,1610,2371,46,2417
1610,1611,54,1,55
1611,1612,63,3,66
1612,1613,297,6,303
1613,1614,87,1,88
1614,1615,280,6,286
1615,1616,1833,31,1864
1616,1617,1449,17,1466
1617,1618,3630,34,3664
1618,1619,166,2,168
1619,1620,4195,138,4333
1620,1621,2458,55,2513
1621,1622,377,9,386
1622,1623,42,1,43
1623,1624,610,8,618
1624,1625,112,3,115
1625,1626,705,17,722
1626,1627,91143,1678,92821
1627,1628,364,17,381
1628,1629,198,5,203
1629,1630,1602,12,1614
1630,1631,81,2,83
1631,1632,62,2,64
1632,1633,161,4,165
1633,1634,888,39,927
1634,1635,17625,139,17764
1635,1636,151,4,155
1636,1637,200,12,212
1637,1638,1101,39,1140
1638,1639,1754,160,1914
1639,1640,116,1,117
1640,1641,1868,39,1907
1641,1642,585,7,592
1642,1643,763,11,774
1643,1644,63,1,64
1644,1645,187,7,194
1645,1646,554,3,557
1646,1647,35,2,37
1647,1648,2740,36,2776
1648,1649,95,5,100
1649,1650,184,2,186
1650,1651,914,16,930
1651,1652,215,10,225
1652,1653,10264,555,10819
1653,1654,69,3,72
1654,1655,1156,17,1173
1655,1656,108,4,112
1656,1657,1011,27,1038
1657,1658,526,11,537
1658,1659,169,3,172
1659,1660,387,3,390
1660,1661,389,14,403
1661,1662,419,7,426
1662,1663,384,6,390
1663,1664,1150,17,1167
1664,1665,253,4,257
1665,1666,102,4,106
1666,1667,1423,20,1443
1667,1668,468,10,478
1668,1669,619,4,623
1669,1670,83,3,86
1670,1671,471,7,478
1671,1672,276,8,284
1672,1673,1075,33,1108
1673,1674,165,6,171
1674,1675,1449,12,1461
1675,1676,816,18,834
1676,1677,1288,66,1354
1677,1678,535,11,546
1678,1679,42,1,43
1679,1680,1469,31,1500
1680,1681,139,5,144
1681,1682,2466,46,2512
1682,1683,140,2,142
1683,1684,109,1,110
1684,1685,1009,48,1057
1685,1686,701,7,708
1686,1687,167,10,177
1687,1688,325,7,332
1688,1689,36,0,36
1689,1690,1332,16,1348
1690,1691,2679,50,2729
1691,1692,162,3,165
1692,1693,1094,33,1127
1693,1694,387,6,393
1694,1695,553,12,565
1695,1696,629,14,643
1696,1697,1104,17,1121
1697,1698,334,12,346
1698,1699,2219,60,2279
1699,1700,216,5,221
1700,1701,9247,167,9414
1701,1702,453,13,466
1702,1703,160,2,162
1703,1704,162,3,165
1704,1705,664,11,675
1705,1706,121,3,124
1706,1707,246,1,247
1707,1708,1982,95,2077
1708,1709,867,18,885
1709,1710,3501,99,3600
1710,1711,3099,68,3167
1711,1712,367,14,381
1712,1713,1125,29,1154
1713,1714,424,2,426
1714,1715,813,16,829
1715,1716,755,18,773
1716,1717,436,7,443
1717,1718,984,17,1001
1718,1719,143,2,145
1719,1720,80,1,81
1720,1721,360,12,372
1721,1722,1113,23,1136
1722,1723,187,3,190
1723,1724,310,8,318
1724,1725,121,0,121
1725,1726,123,5,128
1726,1727,883,20,903
1727,1728,445,7,452
1728,1729,204,5,209
1729,1730,384,2,386
1730,1731,54,0,54
1731,1732,1082,27,1109
1732,1733,282,5,287
1733,1734,667,16,683
1734,1735,163,3,166
1735,1736,5309,86,5395
1736,1737,297,6,303
1737,1738,94,2,96
1738,1739,509,7,516
1739,1740,4192,61,4253
1740,1741,654,27,681
1741,1742,174,2,176
1742,1743,2291,17,2308
1743,1744,81,2,83
1744,1745,35,1,36
1745,1746,1791,29,1820
1746,1747,956,27,983
1747,1748,266,10,276
1748,1749,485,10,495
1749,1750,109,1,110
1750,1751,487,6,493
1751,1752,306,7,313
1752,1753,632,9,641
1753,1754,1910,39,1949
1754,1755,145,6,151
1755,1756,984,41,1025
1756,1757,765,9,774
1757,1758,391,8,399
1758,1759,210,5,215
1759,1760,4396,121,4517
1760,1761,760,14,774
1761,1762,810,14,824
1762,1763,144,6,150
1763,1764,1553,32,1585
1764,1765,132,5,137
1765,1766,298,5,303
1766,1767,763,14,777
1767,1768,111,1,112
1768,1769,2556,59,2615
1769,1770,301,9,310
1770,1771,37,1,38
1771,1772,4291,51,4342
1772,1773,113,2,115
1773,1774,1467,38,1505
1774,1775,205,5,210
1775,1776,1623,15,1638
1776,1777,328,11,339
1777,1778,171,4,175
1778,1779,209,1,210
1779,1780,306,3,309
1780,1781,2732,51,2783
1781,1782,36060,106,36166
1782,1783,745,21,766
1783,1784,2862,59,2921
1784,1785,18091,358,18449
1785,1786,161,4,165
1786,1787,7085,283,7368
1787,1788,2285,143,2428
1788,1789,1703,27,1730
1789,1790,1738,16,1754
1790,1791,3431,64,3495
1791,1792,396,14,410
1792,1793,30837,498,31335
1793,1794,208,4,212
1794,1795,107,2,109
1795,1796,1237,31,1268
1796,1797,223,19,242
1797,1798,350,8,358
1798,1799,865,22,887
1799,1800,7654,101,7755
1800,1801,1376,26,1402
1801,1802,1139,31,1170
1802,1803,1581,30,1611
1803,1804,117,3,120
1804,1805,1899,15,1914
1805,1806,611,24,635
1806,1807,221,1,222
1807,1808,1423,25,1448
1808,1809,260,5,265
1809,1810,102,1,103
1810,1811,646,11,657
1811,1812,405,7,412
1812,1813,2318,55,2373
1813,1814,227,3,230
1814,1815,232,8,240
1815,1816,1469,46,1515
1816,1817,5203,92,5295
1817,1818,108,1,109
1818,1819,209,12,221
1819,1820,622,13,635
1820,1821,7416,61,7477
1821,1822,143,5,148
1822,1823,522,4,526
1823,1824,36,0,36
1824,1825,7314,165,7479
1825,1826,1294,30,1324
1826,1827,218,1,219
1827,1828,1376,126,1502
1828,1829,3503,162,3665
1829,1830,284,2,286
1830,1831,147,0,147
1831,1832,1427,18,1445
1832,1833,109,1,110
1833,1834,1021,17,1038
1834,1835,2455,32,2487
1835,1836,4777,49,4826
1836,1837,186,3,189
1837,1838,167,4,171
1838,1839,1254,26,1280
1839,1840,2612,50,2662
1840,1841,212,5,217
1841,1842,989,21,1010
1842,1843,111,0,111
1843,1844,366,6,372
1844,1845,34,2,36
1845,1846,386,15,401
1846,1847,1682,24,1706
1847,1848,181,7,188
1848,1849,89,4,93
1849,1850,196,2,198
1850,1851,315,8,323
1851,1852,2563,52,2615
1852,1853,351,9,360
1853,1854,299,9,308
1854,1855,545,5,550
1855,1856,2648,42,2690
1856,1857,6991,91,7082
1857,1858,374,6,380
1858,1859,2218,48,2266
1859,1860,2840,56,2896
1860,1861,670,9,679
1861,1862,1182,18,1200
1862,1863,2667,48,2715
1863,1864,143,1,144
1864,1865,140,6,146
1865,1866,184,8,192
1866,1867,985,19,1004
1867,1868,163,1,164
1868,1869,40,2,42
1869,1870,60,5,65
1870,1871,1227,10,1237
1871,1872,121,2,123
1872,1873,494,7,501
1873,1874,497,5,502
1874,1875,4600,42,4642
1875,1876,1492,21,1513
1876,1877,8102,140,8242
1877,1878,7593,100,7693
1878,1879,195,2,197
1879,1880,268,11,279
1880,1881,196,3,199
1881,1882,1374,57,1431
1882,1883,816,17,833
1883,1884,804,17,821
1884,1885,2253,30,2283
1885,1886,88,3,91
1886,1887,95,4,99
1887,1888,1298,32,1330
1888,1889,333,3,336
1889,1890,99,4,103
1890,1891,16625,287,16912
1891,1892,120,0,120
1892,1893,155,2,157
1893,1894,145,6,151
1894,1895,99,1,100
1895,1896,731,16,747
1896,1897,558,18,576
1897,1898,566,8,574
1898,1899,1359,27,1386
1899,1900,70,1,71
1900,1901,812,11,823
1901,1902,1055,20,1075
1902,1903,1199,33,1232
1903,1904,350,7,357
1904,1905,946,29,975
1905,1906,1067,36,1103
1906,1907,346,7,353
1907,1908,25,0,25
1908,1909,88,0,88
1909,1910,8403,145,8548
1910,1911,617,17,634
1911,1912,328,11,339
1912,1913,1012,20,1032
1913,1914,60,3,63
1914,1915,182,2,184
1915,1916,5668,157,5825
1916,1917,366,10,376
1917,1918,73,2,75
1918,1919,661,22,683
1919,1920,273,4,277
1920,1921,118,3,121
1921,1922,172,1,173
1922,1923,203,7,210
1923,1924,159,3,162
1924,1925,645,12,657
1925,1926,159,3,162
1926,1927,1028,15,1043
1927,1928,264,4,268
1928,1929,195,4,199
1929,1930,258,3,261
1930,1931,547,11,558
1931,1932,349,3,352
1932,1933,148,2,150
1933,1934,113,3,116
1934,1935,523,11,534
1935,1936,437,7,444
1936,1937,1594,33,1627
1937,1938,288,12,300
1938,1939,789,9,798
1939,1940,600,14,614
1940,1941,1271,22,1293
1941,1942,4738,77,4815
1942,1943,61,5,66
1943,1944,337,17,354
1944,1945,3748,319,4067
1945,1946,304,9,313
1946,1947,14625,596,15221
1947,1948,128,3,131
1948,1949,4787,193,4980
1949,1950,2961,196,3157
1950,1951,604,6,610
1951,1952,175,3,178
1952,1953,363,0,363
1953,1954,477,10,487
1954,1955,3150,84,3234
1955,1956,312,4,316
1956,1957,620,14,634
1957,1958,51,0,51
1958,1959,294,3,297
1959,1960,777,20,797
1960,1961,106,0,106
1961,1962,195,2,197
1962,1963,1511,81,1592
1963,1964,496,10,506
1964,1965,3498,76,3574
1965,1966,172,3,175
1966,1967,4192,162,4354
1967,1968,5022,118,5140
1968,1969,1530,30,1560
1969,1970,143,2,145
1970,1971,578,10,588
1971,1972,189,3,192
1972,1973,152,2,154
1973,1974,145,6,151
1974,1975,4714,177,4891
1975,1976,126,3,129
1976,1977,211,8,219
1977,1978,1207,39,1246
1978,1979,1105,19,1124
1979,1980,507,7,514
1980,1981,433,7,440
1981,1982,471,8,479
1982,1983,3429,41,3470
1983,1984,1723,52,1775
1984,1985,1178,22,1200
1985,1986,354,10,364
1986,1987,1368,38,1406
1987,1988,2564,198,2762
1988,1989,112,2,114
1989,1990,127,5,132
1990,1991,105,3,108
1991,1992,641,5,646
1992,1993,310,7,317
1993,1994,674,23,697
1994,1995,70,2,72
1995,1996,139,3,142
1996,1997,69,1,70
1997,1998,226,5,231
1998,1999,260,5,265
1999,2000,1828,49,1877
2000,2001,48,0,48
2001,2002,632,6,638
2002,2003,49,1,50
2003,2004,838,7,845
2004,2005,12,0,12
2005,2006,12398,229,12627
2006,2007,1175,65,1240
2007,2008,557,9,566
2008,2009,108,5,113
2009,2010,133,4,137
2010,2011,559,8,567
2011,2012,1334,21,1355
2012,2013,651,10,661
2013,2014,339,7,346
2014,2015,696,17,713
2015,2016,225,1,226
2016,2017,289,9,298
2017,2018,592,12,604
2018,2019,395,8,403
2019,2020,249,6,255
2020,2021,739,13,752
2021,2022,143,7,150
2022,2023,769,18,787
2023,2024,2990,39,3029
2024,2025,42,2,44
2025,2026,1722,60,1782
2026,2027,133,2,135
2027,2028,293,8,301
2028,2029,236,5,241
2029,2030,345,8,353
2030,2031,7544,44,7588
2031,2032,168,1,169
2032,2033,107,2,109
2033,2034,206,2,208
2034,2035,201,10,211
2035,2036,98,2,100
2036,2037,2239,56,2295
2037,2038,124,2,126
2038,2039,517,36,553
2039,2040,218,5,223
2040,2041,368,4,372
2041,2042,975,21,996
2042,2043,368,4,372
2043,2044,70,0,70
2044,2045,302,9,311
2045,2046,448,5,453
2046,2047,7197,193,7390
2047,2048,189,6,195
2048,2049,664,20,684
2049,2050,32,0,32
2050,2051,147,4,151
2051,2052,175,1,176
2052,2053,1950,57,2007
2053,2054,208,2,210
2054,2055,203,9,212
2055,2056,1052,22,1074
2056,2057,66,0,66
2057,2058,180,2,182
2058,2059,177,2,179
2059,2060,132,4,136
2060,2061,132,1,133
2061,2062,410,11,421
2062,2063,455,10,465
2063,2064,128,7,135
2064,2065,941,14,955
2065,2066,417,8,425
2066,2067,239,7,246
2067,2068,139,2,141
2068,2069,576,9,585
2069,2070,1951,53,2004
2070,2071,3987,85,4072
2071,2072,23,1,24
2072,2073,59,0,59
2073,2074,553,18,571
2074,2075,78,0,78
2075,2076,313,6,319
2076,2077,463,7,470
2077,2078,609,11,620
2078,2079,323,2,325
2079,2080,391,6,397
2080,2081,159,5,164
2081,2082,146,2,148
2082,2083,344,8,352
2083,2084,359,10,369
2084,2085,4377,86,4463
2085,2086,340,6,346
2086,2087,831,31,862
2087,2088,169,2,171
2088,2089,538,14,552
2089,2090,338,2,340
2090,2091,183,6,189
2091,2092,1073,18,1091
2092,2093,517,7,524
2093,2094,2155,35,2190
2094,2095,131,5,136
2095,2096,9136,241,9377
2096,2097,2226,44,2270
2097,2098,2823,42,2865
2098,2099,512,13,525
2099,2100,9861,244,10105
2100,2101,871,27,898
2101,2102,233,5,238
2102,2103,252,2,254
2103,2104,7472,61,7533
2104,2105,154,2,156
2105,2106,321,2,323
2106,2107,135,5,140
2107,2108,382,2,384
2108,2109,235,4,239
2109,2110,87,1,88
2110,2111,158,4,162
2111,2112,121,3,124
2112,2113,4410,82,4492
2113,2114,65,2,67
2114,2115,111,6,117
2115,2116,135,6,141
2116,2117,64,0,64
2117,2118,877,20,897
2118,2119,319,4,323
2119,2120,95,5,100
2120,2121,250,3,253
2121,2122,65,0,65
2122,2123,3231,95,3326
2123,2124,419,14,433
2124,2125,98,4,102
2125,2126,520,6,526
2126,2127,4124,109,4233
2127,2128,253,9,262
2128,2129,48503,695,49198
2129,2130,164,2,166
2130,2131,65,1,66
2131,2132,235,13,248
2132,2133,1272,21,1293
2133,2134,449,4,453
2134,2135,114,2,116
2135,2136,313,3,316
2136,2137,33,0,33
2137,2138,74,2,76
2138,2139,48,1,49
2139,2140,1594,14,1608
2140,2141,36,0,36
2141,2142,148,2,150
2142,2143,241,4,245
2143,2144,2824,72,2896
2144,2145,978,21,999
2145,2146,207,6,213
2146,2147,6234,192,6426
2147,2148,103,4,107
2148,2149,625,9,634
2149,2150,50,0,50
2150,2151,235,9,244
2151,2152,500,7,507
2152,2153,378,6,384
2153,2154,544,18,562
2154,2155,188,0,188
2155,2156,585,114,699
2156,2157,428,5,433
2157,2158,246,0,246
2158,2159,331,7,338
2159,2160,956,26,982
2160,2161,45,1,46
2161,2162,321,4,325
2162,2163,266,5,271
2163,2164,11829,261,12090
2164,2165,310,1,311
2165,2166,2065,39,2104
2166,2167,85,3,88
2167,2168,1311,13,1324
2168,2169,18,1,19
2169,2170,2188,61,2249
2170,2171,169,3,172
2171,2172,4989,162,5151
2172,2173,160,6,166
2173,2174,429,8,437
2174,2175,919,7,926
2175,2176,5086,44,5130
2176,2177,156,6,162
2177,2178,275,5,280
2178,2179,3616,75,3691
2179,2180,3264,60,3324
2180,2181,96,1,97
2181,2182,1923,14,1937
2182,2183,492,21,513
2183,2184,4659,108,4767
2184,2185,998,8,1006
2185,2186,385,7,392
2186,2187,92,1,93
2187,2188,149,2,151
2188,2189,54,1,55
2189,2190,360,1,361
2190,2191,1298,28,1326
2191,2192,460,4,464
2192,2193,1239,31,1270
2193,2194,250,5,255
2194,2195,751,9,760
2195,2196,77,3,80
2196,2197,328,6,334
2197,2198,1002,22,1024
2198,2199,685,14,699
2199,2200,12682,329,13011
2200,2201,1557,18,1575
2201,2202,721,2,723
2202,2203,51894,1169,53063
2203,2204,189,4,193
2204,2205,82,5,87
2205,2206,320,5,325
2206,2207,334,4,338
2207,2208,144,2,146
2208,2209,199,6,205
2209,2210,141,2,143
2210,2211,1457,41,1498
2211,2212,2352,28,2380
2212,2213,413,9,422
2213,2214,4801,256,5057
2214,2215,112,2,114
2215,2216,109,8,117
2216,2217,2423,219,2642
2217,2218,115,3,118
2218,2219,247,11,258
2219,2220,1649,46,1695
2220,2221,538,9,547
2221,2222,77,1,78
2222,2223,139,2,141
2223,2224,1824,15,1839
2224,2225,107,0,107
2225,2226,348,9,357
2226,2227,80,1,81
2227,2228,355,7,362
2228,2229,772,12,784
2229,2230,147,6,153
2230,2231,394,13,407
2231,2232,417,11,428
2232,2233,3395,58,3453
2233,2234,175,3,178
2234,2235,457,11,468
2235,2236,260,5,265
2236,2237,1548,21,1569
2237,2238,318,7,325
2238,2239,862,8,870
2239,2240,641,9,650
2240,2241,840,23,863
2241,2242,461,4,465
2242,2243,969,15,984
2243,2244,1460,28,1488
2244,2245,1149,27,1176
2245,2246,110,3,113
2246,2247,603,16,619
2247,2248,280,11,291
2248,2249,536,3,539
2249,2250,149,1,150
2250,2251,110,2,112
2251,2252,1096,12,1108
2252,2253,1993,54,2047
2253,2254,1856,27,1883
2254,2255,511,11,522
2255,2256,53,3,56
2256,2257,579,14,593
2257,2258,133,7,140
2258,2259,59,2,61
2259,2260,277,3,280
2260,2261,206,8,214
2261,2262,497,13,510
2262,2263,358,8,366
2263,2264,330,8,338
2264,2265,241,4,245
2265,2266,851,23,874
2266,2267,187,3,190
2267,2268,1422,17,1439
2268,2269,3488,68,3556
2269,2270,418,24,442
2270,2271,643,9,652
2271,2272,8687,94,8781
2272,2273,426,11,437
2273,2274,393,8,401
2274,2275,1844,30,1874
2275,2276,275,8,283
2276,2277,107,1,108
2277,2278,358,15,373
2278,2279,162,2,164
2279,2280,92,1,93
2280,2281,126,4,130
2281,2282,5010,64,5074
2282,2283,170,3,173
2283,2284,89,3,92
2284,2285,281,6,287
2285,2286,5439,107,5546
2286,2287,1740,30,1770
2287,2288,1357,36,1393
2288,2289,561,14,575
2289,2290,87,1,88
2290,2291,399,10,409
2291,2292,180,1,181
2292,2293,334,8,342
2293,2294,1506,16,1522
2294,2295,123,6,129
2295,2296,187,3,190
2296,2297,21,0,21
2297,2298,561,11,572
2298,2299,403,3,406
2299,2300,1398,20,1418
2300,2301,7229,154,7383
2301,2302,145,2,147
2302,2303,194,2,196
2303,2304,477,8,485
2304,2305,1514,21,1535
2305,2306,446,12,458
2306,2307,87,0,87
2307,2308,354,5,359
2308,2309,780,14,794
2309,2310,7339,186,7525
2310,2311,98,3,101
2311,2312,127,3,130
2312,2313,931,14,945
2313,2314,229,0,229
2314,2315,25,4,29
2315,2316,38,2,40
2316,2317,595,50,645
2317,2318,1761,33,1794
2318,2319,664,14,678
2319,2320,2252,30,2282
2320,2321,1284,20,1304
2321,2322,1368,29,1397
2322,2323,1789,21,1810
2323,2324,3755,28,3783
2324,2325,529,9,538
2325,2326,199,5,204
2326,2327,1640,24,1664
2327,2328,172,3,175
2328,2329,661,40,701
2329,2330,409,4,413
2330,2331,2389,48,2437
2331,2332,200,3,203
2332,2333,280,4,284
2333,2334,220,1,221
2334,2335,241,1,242
2335,2336,571,3,574
2336,2337,1002,14,1016
2337,2338,3027,67,3094
2338,2339,2958,43,3001
2339,2340,208,0,208
2340,2341,1719,19,1738
2341,2342,1324,33,1357
2342,2343,484,7,491
2343,2344,117,3,120
2344,2345,242,5,247
2345,2346,3773,174,3947
2346,2347,1134,16,1150
2347,2348,1194,15,1209
2348,2349,142,5,147
2349,2350,296,5,301
2350,2351,428,7,435
2351,2352,405,9,414
2352,2353,179,1,180
2353,2354,441,4,445
2354,2355,105,4,109
2355,2356,0,0,0
2356,2357,2689,90,2779
2357,2358,121,3,124
2358,2359,261,3,264
2359,2360,2794,38,2832
2360,2361,390,111,501
2361,2362,306,2,308
2362,2363,3984,85,4069
2363,2364,327,8,335
2364,2365,337,13,350
2365,2366,1587,32,1619
2366,2367,9504,103,9607
2367,2368,1967,28,1995
2368,2369,796,16,812
2369,2370,202,4,206
2370,2371,641,15,656
2371,2372,1842,42,1884
2372,2373,470,8,478
2373,2374,294,3,297
2374,2375,88,2,90
2375,2376,130,4,134
2376,2377,104,0,104
2377,2378,20551,759,21310
2378,2379,294,7,301
2379,2380,2021,129,2150
2380,2381,210,2,212
2381,2382,15,0,15
2382,2383,685,8,693
2383,2384,525,7,532
2384,2385,23419,716,24135
2385,2386,257,6,263
2386,2387,1325,52,1377
2387,2388,234,3,237
2388,2389,5552,62,5614
2389,2390,338,5,343
2390,2391,2089,27,2116
2391,2392,593,55,648
2392,2393,232,12,244
2393,2394,874,13,887
2394,2395,1238,19,1257
2395,2396,684,16,700
2396,2397,255,5,260
2397,2398,1537,27,1564
2398,2399,66,1,67
2399,2400,721,7,728
2400,2401,266,2,268
2401,2402,1406,18,1424
2402,2403,856,10,866
2403,2404,69,2,71
2404,2405,371,10,381
2405,2406,1427,26,1453
2406,2407,253,6,259
2407,2408,13358,130,13488
2408,2409,973,55,1028
2409,2410,3757,63,3820
2410,2411,411,4,415
2411,2412,184,1,185
2412,2413,1992,34,2026
2413,2414,2330,39,2369
2414,2415,2714,28,2742
2415,2416,149,4,153
2416,2417,274,2,276
2417,2418,57071,1449,58520
2418,2419,650,9,659
2419,2420,363,9,372
2420,2421,2036,23,2059
2421,2422,472,10,482
2422,2423,4055,74,4129
2423,2424,106,3,109
2424,2425,386,14,400
2425,2426,550,6,556
2426,2427,67,3,70
2427,2428,192,3,195
2428,2429,377,10,387
2429,2430,1114,15,1129
2430,2431,604,14,618
2431,2432,95,2,97
2432,2433,3880,60,3940
2433,2434,1768,37,1805
2434,2435,138,1,139
2435,2436,2004,20,2024
2436,2437,257,7,264
2437,2438,144,5,149
2438,2439,207,5,212
2439,2440,851,13,864
2440,2441,2969,67,3036
2441,2442,6973,83,7056
2442,2443,231,8,239
2443,2444,939,24,963
2444,2445,643,17,660
2445,2446,119,4,123
2446,2447,246,7,253
2447,2448,99,3,102
2448,2449,692,6,698
2449,2450,600,15,615
2450,2451,617,12,629
2451,2452,81,3,84
2452,2453,45,0,45
2453,2454,148,7,155
2454,2455,608,16,624
2455,2456,6562,65,6627
2456,2457,1962,42,2004
2457,2458,529,3,532
2458,2459,470,13,483
2459,2460,995,15,1010
2460,2461,1934,26,1960
2461,2462,875,10,885
2462,2463,352,5,357
2463,2464,25,0,25
2464,2465,543,7,550
2465,2466,248,5,253
2466,2467,1505,51,1556
2467,2468,2235,52,2287
2468,2469,128,1,129
2469,2470,114,6,120
2470,2471,149,4,153
2471,2472,382,7,389
2472,2473,244,9,253
2473,2474,60,3,63
2474,2475,1916,35,1951
2475,2476,273,7,280
2476,2477,85,0,85
2477,2478,137,5,142
2478,2479,118,6,124
2479,2480,204,0,204
2480,2481,46443,799,47242
2481,2482,517,6,523
2482,2483,23,2,25
2483,2484,1565,51,1616
2484,2485,585,12,597
2485,2486,2423,30,2453
2486,2487,671,9,680
2487,2488,207,1,208
2488,2489,799,32,831
2489,2490,5732,93,5825
2490,2491,3639,127,3766
2491,2492,136,6,142
2492,2493,1261,12,1273
2493,2494,511,9,520
2494,2495,51,2,53
2495,2496,132,3,135
2496,2497,538,8,546
2497,2498,1026,16,1042
2498,2499,566,16,582
2499,2500,621,10,631
2500,2501,755,10,765
2501,2502,278,1,279
2502,2503,432,7,439
2503,2504,91,3,94
2504,2505,443,14,457
2505,2506,71,4,75
2506,2507,68,3,71
2507,2508,683,18,701
2508,2509,220,6,226
2509,2510,253,4,257
2510,2511,1226,24,1250
2511,2512,527,16,543
2512,2513,163,3,166
2513,2514,173,4,177
2514,2515,703,7,710
2515,2516,991,14,1005
2516,2517,191,12,203
2517,2518,245,2,247
2518,2519,92,0,92
2519,2520,1993,50,2043
2520,2521,410,7,417
2521,2522,623,14,637
2522,2523,162,6,168
2523,2524,997,17,1014
2524,2525,624,10,634
2525,2526,1618,18,1636
2526,2527,378,8,386
2527,2528,474,8,482
2528,2529,67,2,69
2529,2530,220,9,229
2530,2531,525,12,537
2531,2532,8741,231,8972
2532,2533,314,8,322
2533,2534,235,5,240
2534,2535,158,2,160
2535,2536,107,4,111
2536,2537,3832,53,3885
2537,2538,326,4,330
2538,2539,1273,40,1313
2539,2540,292,4,296
2540,2541,1298,35,1333
2541,2542,5751,115,5866
2542,2543,3482,80,3562
2543,2544,6095,123,6218
2544,2545,1465,16,1481
2545,2546,13314,277,13591
2546,2547,738,12,750
2547,2548,260,24,284
2548,2549,1010,27,1037
2549,2550,3040,53,3093
2550,2551,445,12,457
2551,2552,9182,400,9582
2552,2553,310,8,318
2553,2554,600,13,613
2554,2555,3652,234,3886
2555,2556,813,10,823
2556,2557,1066,22,1088
2557,2558,80,1,81
2558,2559,130,4,134
2559,2560,909,11,920
2560,2561,141,5,146
2561,2562,203,6,209
2562,2563,773,5,778
2563,2564,1074,30,1104
2564,2565,209,3,212
2565,2566,84,5,89
2566,2567,90,2,92
2567,2568,2203,9,2212
2568,2569,148,5,153
2569,2570,740,8,748
2570,2571,211,1,212
2571,2572,1468,19,1487
2572,2573,452,2,454
2573,2574,142,5,147
2574,2575,404,12,416
2575,2576,115,3,118
2576,2577,536,12,548
2577,2578,681,19,700
2578,2579,1477,26,1503
2579,2580,113,2,115
2580,2581,303,5,308
2581,2582,972,12,984
2582,2583,133,1,134
2583,2584,210,3,213
2584,2585,1317,27,1344
2585,2586,33,3,36
2586,2587,97,2,99
2587,2588,558,8,566
2588,2589,552,22,574
2589,2590,222,6,228
2590,2591,30,1,31
2591,2592,44,3,47
2592,2593,161,0,161
2593,2594,149,3,152
2594,2595,243,6,249
2595,2596,162,2,164
2596,2597,96,6,102
2597,2598,335,8,343
2598,2599,215,2,217
2599,2600,857,7,864
2600,2601,690,11,701
2601,2602,161,2,163
2602,2603,239,1,240
2603,2604,3760,61,3821
2604,2605,527,7,534
2605,2606,906,27,933
2606,2607,196,2,198
2607,2608,223,5,228
2608,2609,947,6,953
2609,2610,236,3,239
2610,2611,414,32,446
2611,2612,310,8,318
2612,2613,4014,75,4089
2613,2614,90,5,95
2614,2615,128,4,132
2615,2616,5801,95,5896
2616,2617,657,67,724
2617,2618,1883,21,1904
2618,2619,657,10,667
2619,2620,1393,28,1421
2620,2621,112,0,112
2621,2622,1679,16,1695
2622,2623,608,23,631
2623,2624,166,2,168
2624,2625,27,0,27
2625,2626,1832,46,1878
2626,2627,135,3,138
2627,2628,109,1,110
2628,2629,45,0,45
2629,2630,177,3,180
2630,2631,51,0,51
2631,2632,447,10,457
2632,2633,194,2,196
2633,2634,524,13,537
2634,2635,888,12,900
2635,2636,979,23,1002
2636,2637,847,20,867
2637,2638,13482,331,13813
2638,2639,443,9,452
2639,2640,1096,21,1117
2640,2641,418,19,437
2641,2642,341,9,350
2642,2643,333,10,343
2643,2644,360,4,364
2644,2645,432,14,446
2645,2646,118,2,120
2646,2647,722,7,729
2647,2648,26693,715,27408
2648,2649,203,4,207
2649,2650,2070,48,2118
2650,2651,1096,32,1128
2651,2652,424,14,438
2652,2653,140,4,144
2653,2654,293,1,294
2654,2655,319,4,323
2655,2656,105,4,109
2656,2657,116,5,121
2657,2658,220,1,221
2658,2659,3600,44,3644
2659,2660,210,5,215
2660,2661,117,5,122
2661,2662,576,4,580
2662,2663,135,2,137
2663,2664,268,9,277
2664,2665,451,16,467
2665,2666,3175,36,3211
2666,2667,88,4,92
2667,2668,103,1,104
2668,2669,283,79,362
2669,2670,487,12,499
2670,2671,516,8,524
2671,2672,261,4,265
2672,2673,105,2,107
2673,2674,211,0,211
2674,2675,736,12,748
2675,2676,371,4,375
2676,2677,220,6,226
2677,2678,213,1,214
2678,2679,168,4,172
2679,2680,378,9,387
2680,2681,221,2,223
2681,2682,186,5,191
2682,2683,706,17,723
2683,2684,290,3,293
2684,2685,586,9,595
2685,2686,111,2,113
2686,2687,151,6,157
2687,2688,1437,44,1481
2688,2689,212,7,219
2689,2690,1058,17,1075
2690,2691,9848,311,10159
2691,2692,874,58,932
2692,2693,746,13,759
2693,2694,905,11,916
2694,2695,238,6,244
2695,2696,353,2,355
2696,2697,2733,24,2757
2697,2698,214,1,215
2698,2699,264,1,265
2699,2700,787,37,824
2700,2701,991,16,1007
2701,2702,467,18,485
2702,2703,1384,28,1412
2703,2704,285,6,291
2704,2705,184,1,185
2705,2706,3025,104,3129
2706,2707,3421,27,3448
2707,2708,637,6,643
2708,2709,224,7,231
2709,2710,2274,35,2309
2710,2711,602,7,609
2711,2712,164,8,172
2712,2713,1125,30,1155
2713,2714,445,12,457
2714,2715,112,0,112
2715,2716,306,3,309
2716,2717,1197,28,1225
2717,2718,658,15,673
2718,2719,152,3,155
2719,2720,37,2,39
2720,2721,205,1,206
2721,2722,1544,137,1681
2722,2723,174,4,178
2723,2724,111,1,112
2724,2725,13660,77,13737
2725,2726,1240,21,1261
2726,2727,966,10,976
2727,2728,761,18,779
2728,2729,2026,30,2056
2729,2730,259,4,263
2730,2731,892,31,923
2731,2732,186,2,188
2732,2733,159,68,227
2733,2734,596,4,600
2734,2735,1195,36,1231
2735,2736,1183,37,1220
2736,2737,670,4,674
2737,2738,651,16,667
2738,2739,408,14,422
2739,2740,256,6,262
2740,2741,1812,31,1843
2741,2742,2460,41,2501
2742,2743,444,15,459
2743,2744,2263,47,2310
2744,2745,237,6,243
2745,2746,686,6,692
2746,2747,593,10,603
2747,2748,1103,12,1115
2748,2749,439,11,450
2749,2750,99,1,100
2750,2751,1633,32,1665
2751,2752,280,6,286
2752,2753,350,8,358
2753,2754,514,8,522
2754,2755,556,13,569
2755,2756,692,6,698
2756,2757,195,2,197
2757,2758,266,7,273
2758,2759,1054,20,1074
2759,2760,327,5,332
2760,2761,455,14,469
2761,2762,50,1,51
2762,2763,916,14,930
2763,2764,126,6,132
2764,2765,315,6,321
2765,2766,212,3,215
2766,2767,2801,59,2860
2767,2768,111,1,112
2768,2769,177,5,182
2769,2770,122,1,123
2770,2771,339,10,349
2771,2772,432,12,444
2772,2773,1095,23,1118
2773,2774,152,3,155
2774,2775,216,5,221
2775,2776,306,10,316
2776,2777,2168,36,2204
2777,2778,350,3,353
2778,2779,680,10,690
2779,2780,255,1,256
2780,2781,676,9,685
2781,2782,545,9,554
2782,2783,463,7,470
2783,2784,76,7,83
2784,2785,379,9,388
2785,2786,164,1,165
2786,2787,690,14,704
2787,2788,59,1,60
2788,2789,158,10,168
2789,2790,117912,3232,121144
2790,2791,245,5,250
2791,2792,556,9,565
2792,2793,149,0,149
2793,2794,163,3,166
2794,2795,77,1,78
2795,2796,660,19,679
2796,2797,333,9,342
2797,2798,3183,41,3224
2798,2799,111,1,112
2799,2800,301,4,305
2800,2801,472,15,487
2801,2802,5162,76,5238
2802,2803,7878,61,7939
2803,2804,359,8,367
2804,2805,220,4,224
2805,2806,439,9,448
2806,2807,1328,31,1359
2807,2808,130,3,133
2808,2809,1497,68,1565
2809,2810,3038,44,3082
2810,2811,2340,80,2420
2811,2812,1487,25,1512
2812,2813,162,8,170
2813,2814,460,11,471
2814,2815,127,4,131
2815,2816,53,1,54
2816,2817,689,9,698
2817,2818,1721,65,1786
2818,2819,2803,57,2860
2819,2820,107,3,110
2820,2821,4127,62,4189
2821,2822,761,18,779
2822,2823,1283,46,1329
2823,2824,77,1,78
2824,2825,202,10,212
2825,2826,127,3,130
2826,2827,188,3,191
2827,2828,46,0,46
2828,2829,2835,34,2869
2829,2830,110,7,117
2830,2831,2117,45,2162
2831,2832,19,3,22
2832,2833,180,1,181
2833,2834,151,0,151
2834,2835,47,1,48
2835,2836,88,0,88
2836,2837,350,5,355
2837,2838,93,0,93
2838,2839,255,3,258
2839,2840,5441,72,5513
2840,2841,239,11,250
2841,2842,921,17,938
2842,2843,46,0,46
2843,2844,126,0,126
2844,2845,28,2,30
2845,2846,97,4,101
2846,2847,85,3,88
2847,2848,79,3,82
2848,2849,4183,47,4230
2849,2850,405,2,407
2850,2851,1792,39,1831
2851,2852,76,2,78
2852,2853,248,2,250
2853,2854,748,21,769
2854,2855,387,5,392
2855,2856,164,0,164
2856,2857,622,8,630
2857,2858,106,3,109
2858,2859,226,4,230
2859,2860,619,4,623
2860,2861,441,8,449
2861,2862,56,1,57
2862,2863,310,5,315
2863,2864,870,16,886
2864,2865,312,16,328
2865,2866,12265,259,12524
2866,2867,306,6,312
2867,2868,96,2,98
2868,2869,257,6,263
2869,2870,824,17,841
2870,2871,304,7,311
2871,2872,1120,39,1159
2872,2873,536,4,540
2873,2874,467,8,475
2874,2875,110,0,110
2875,2876,624,6,630
2876,2877,301,15,316
2877,2878,731,10,741
2878,2879,357,4,361
2879,2880,173,4,177
2880,2881,551,4,555
2881,2882,56,0,56
2882,2883,1345,11,1356
2883,2884,182,9,191
2884,2885,104,7,111
2885,2886,421,0,421
2886,2887,121,1,122
2887,2888,289,10,299
2888,2889,1030,18,1048
2889,2890,103,0,103
2890,2891,539,4,543
2891,2892,673,21,694
2892,2893,270,5,275
2893,2894,453,5,458
2894,2895,750,15,765
2895,2896,758,11,769
2896,2897,93,2,95
2897,2898,439,8,447
2898,2899,6809,34,6843
2899,2900,861,5,866
2900,2901,460,14,474
2901,2902,138,0,138
2902,2903,81,0,81
2903,2904,194,2,196
2904,2905,9219,160,9379
2905,2906,2796,31,2827
2906,2907,293,3,296
2907,2908,546,5,551
2908,2909,1000,21,1021
2909,2910,4666,58,4724
2910,2911,143,2,145
2911,2912,1244,17,1261
2912,2913,228,2,230
2913,2914,634,10,644
2914,2915,83,2,85
2915,2916,252,56,308
2916,2917,861,19,880
2917,2918,174,0,174
2918,2919,2489,27,2516
2919,2920,358,2,360
2920,2921,702,73,775
2921,2922,544,9,553
2922,2923,1250,20,1270
2923,2924,7618,111,7729
2924,2925,4754,113,4867
2925,2926,508,17,525
2926,2927,193,2,195
2927,2928,530,7,537
2928,2929,128,2,130
2929,2930,226,2,228
2930,2931,598,23,621
2931,2932,359,4,363
2932,2933,328,11,339
2933,2934,233,8,241
2934,2935,158,1,159
2935,2936,97,3,100
2936,2937,2978,70,3048
2937,2938,259,5,264
2938,2939,388,11,399
2939,2940,42,0,42
2940,2941,137,4,141
2941,2942,31671,124,31795
2942,2943,0,0,0
2943,2944,2304,31,2335
2944,2945,4305,47,4352
2945,2946,383,7,390
2946,2947,698,24,722
2947,2948,1832,62,1894
2948,2949,409,5,414
2949,2950,66,0,66
2950,2951,25787,721,26508
2951,2952,328,7,335
2952,2953,2044,57,2101
2953,2954,763,13,776
2954,2955,919,33,952
2955,2956,445,9,454
2956,2957,365,5,370
2957,2958,558,16,574
2958,2959,1006,11,1017
2959,2960,284,11,295
2960,2961,83,0,83
2961,2962,918,15,933
2962,2963,1358,26,1384
2963,2964,663,15,678
2964,2965,6975,138,7113
2965,2966,131,1,132
2966,2967,331,7,338
2967,2968,251,3,254
2968,2969,1109,30,1139
2969,2970,323,14,337
2970,2971,116,1,117
2971,2972,68,0,68
2972,2973,208,4,212
2973,2974,110,1,111
2974,2975,97,2,99
2975,2976,390,14,404
2976,2977,135,2,137
2977,2978,125,3,128
2978,2979,453,10,463
2979,2980,37,0,37
2980,2981,651,13,664
2981,2982,307,5,312
2982,2983,173,5,178
2983,2984,1801,30,1831
2984,2985,1252,32,1284
2985,2986,166,5,171
2986,2987,317,5,322
2987,2988,325,3,328
2988,2989,2530,55,2585
2989,2990,1340,31,1371
2990,2991,298,2,300
2991,2992,639,8,647
2992,2993,34,1,35
2993,2994,398,12,410
2994,2995,10990,123,11113
2995,2996,2774,63,2837
2996,2997,387,8,395
2997,2998,68,1,69
2998,2999,361,6,367
2999,3000,171,3,174
3000,3001,1067,18,1085
3001,3002,88,0,88
3002,3003,7810,126,7936
3003,3004,8264,166,8430
3004,3005,343,3,346
3005,3006,250,4,254
3006,3007,159,5,164
3007,3008,50,1,51
3008,3009,1575,43,1618
3009,3010,324,9,333
3010,3011,168,2,170
3011,3012,47,1,48
3012,3013,255,4,259
3013,3014,364,7,371
3014,3015,632,16,648
3015,3016,1008,27,1035
3016,3017,336,10,346
3017,3018,263,7,270
3018,3019,27,0,27
3019,3020,4777,81,4858
3020,3021,1033,10,1043
3021,3022,4885,40,4925
3022,3023,299,3,302
3023,3024,8177,41,8218
3024,3025,119,2,121
3025,3026,68,1,69
3026,3027,369,2,371
3027,3028,1148,21,1169
3028,3029,361,6,367
3029,3030,207,10,217
3030,3031,12793,230,13023
3031,3032,1054,15,1069
3032,3033,467,7,474
3033,3034,515,11,526
3034,3035,111,2,113
3035,3036,95,3,98
3036,3037,659,17,676
3037,3038,1040,10,1050
3038,3039,827,8,835
3039,3040,6934,215,7149
3040,3041,1211,26,1237
3041,3042,113,2,115
3042,3043,45,0,45
3043,3044,164,2,166
3044,3045,340,13,353
3045,3046,1454,41,1495
3046,3047,320,9,329
3047,3048,303,2,305
3048,3049,118,2,120
3049,3050,384,2,386
3050,3051,9668,351,10019
3051,3052,1148,30,1178
3052,3053,215,7,222
3053,3054,856,15,871
3054,3055,366,6,372
3055,3056,850,18,868
3056,3057,384,9,393
3057,3058,670,7,677
3058,3059,1228,20,1248
3059,3060,283,4,287
3060,3061,144,10,154
3061,3062,13947,345,14292
3062,3063,17353,209,17562
3063,3064,259,0,259
3064,3065,3329,58,3387
3065,3066,1118,26,1144
3066,3067,12746,137,12883
3067,3068,546,15,561
3068,3069,225,2,227
3069,3070,61,5,66
3070,3071,157,3,160
3071,3072,127,2,129
3072,3073,76,2,78
3073,3074,335,7,342
3074,3075,253,2,255
3075,3076,204,3,207
3076,3077,69,0,69
3077,3078,84,6,90
3078,3079,248,4,252
3079,3080,313,7,320
3080,3081,4951,101,5052
3081,3082,316,12,328
3082,3083,460,15,475
3083,3084,1988,37,2025
3084,3085,2331,92,2423
3085,3086,662,12,674
3086,3087,106,0,106
3087,3088,134,2,136
3088,3089,1746,28,1774
3089,3090,4563,126,4689
3090,3091,209,8,217
3091,3092,1225,15,1240
3092,3093,291,9,300
3093,3094,895,8,903
3094,3095,991,15,1006
3095,3096,133,0,133
3096,3097,122,1,123
3097,3098,92,3,95
3098,3099,97,5,102
3099,3100,191,4,195
3100,3101,3561,85,3646
3101,3102,569,6,575
3102,3103,723,9,732
3103,3104,632,13,645
3104,3105,1635,25,1660
3105,3106,1301,20,1321
3106,3107,25525,489,26014
3107,3108,1121,17,1138
3108,3109,130,0,130
3109,3110,286,5,291
3110,3111,464,4,468
3111,3112,9954,174,10128
3112,3113,1185,29,1214
3113,3114,114,2,116
3114,3115,1222,17,1239
3115,3116,1620,45,1665
3116,3117,5855,73,5928
3117,3118,3973,46,4019
3118,3119,307,3,310
3119,3120,330,3,333
3120,3121,1293,28,1321
3121,3122,73,1,74
3122,3123,647,13,660
3123,3124,128,1,129
3124,3125,451,8,459
3125,3126,1210,26,1236
3126,3127,1135,19,1154
3127,3128,1018,22,1040
3128,3129,64,2,66
3129,3130,143,1,144
3130,3131,111,2,113
3131,3132,145,2,147
3132,3133,34,0,34
3133,3134,3332,176,3508
3134,3135,276,2,278
3135,3136,129,2,131
3136,3137,149,3,152
3137,3138,576,14,590
3138,3139,117,4,121
3139,3140,98,1,99
3140,3141,622,11,633
3141,3142,719,55,774
3142,3143,175,3,178
3143,3144,2907,34,2941
3144,3145,716,13,729
3145,3146,106,1,107
3146,3147,181,1,182
3147,3148,49,3,52
3148,3149,495,13,508
3149,3150,499,11,510
3150,3151,321,4,325
3151,3152,295,6,301
3152,3153,3840,57,3897
3153,3154,780,24,804
3154,3155,79,5,84
3155,3156,6060,140,6200
3156,3157,369,6,375
3157,3158,95,1,96
3158,3159,13,1,14
3159,3160,522,7,529
3160,3161,55,4,59
3161,3162,2059,30,2089
3162,3163,131,3,134
3163,3164,894,20,914
3164,3165,909,20,929
3165,3166,135,5,140
3166,3167,105,1,106
3167,3168,1657,19,1676
3168,3169,518,8,526
3169,3170,1237,21,1258
3170,3171,265,1,266
3171,3172,1687,51,1738
3172,3173,370,4,374
3173,3174,4838,112,4950
3174,3175,2946,186,3132
3175,3176,209,6,215
3176,3177,131,3,134
3177,3178,283,7,290
3178,3179,4944,133,5077
3179,3180,548,7,555
3180,3181,636,8,644
3181,3182,202,2,204
3182,3183,464,9,473
3183,3184,532,12,544
3184,3185,187,6,193
3185,3186,877,13,890
3186,3187,568,5,573
3187,3188,1500,28,1528
3188,3189,298,13,311
3189,3190,98,2,100
3190,3191,356,9,365
3191,3192,313,11,324
3192,3193,646,12,658
3193,3194,619,8,627
3194,3195,1010,21,1031
3195,3196,57,0,57
3196,3197,41,1,42
3197,3198,118,1,119
3198,3199,140,3,143
3199,3200,1239,29,1268
3200,3201,811,11,822
3201,3202,108,2,110
3202,3203,160,7,167
3203,3204,183,6,189
3204,3205,1999,26,2025
3205,3206,45898,1520,47418
3206,3207,101,1,102
3207,3208,228,6,234
3208,3209,244,2,246
3209,3210,138,2,140
3210,3211,696,24,720
3211,3212,244,3,247
3212,3213,1553,35,1588
3213,3214,252,14,266
3214,3215,324,1,325
3215,3216,440,3,443
3216,3217,4661,116,4777
3217,3218,975,32,1007
3218,3219,41,2,43
3219,3220,592,24,616
3220,3221,376,12,388
3221,3222,104,4,108
3222,3223,84,1,85
3223,3224,191,3,194
3224,3225,174,5,179
3225,3226,1182,32,1214
3226,3227,1063,12,1075
3227,3228,120,1,121
3228,3229,305,6,311
3229,3230,57,1,58
3230,3231,1176,17,1193
3231,3232,4628,31,4659
3232,3233,1045,19,1064
3233,3234,501,5,506
3234,3235,1298,59,1357
3235,3236,102,6,108
3236,3237,5257,65,5322
3237,3238,306,6,312
3238,3239,54363,165,54528
3239,3240,1125,40,1165
3240,3241,374,7,381
3241,3242,136,4,140
3242,3243,1645,34,1679
3243,3244,1347,27,1374
3244,3245,2155,30,2185
3245,3246,49,1,50
3246,3247,614,19,633
3247,3248,5018,74,5092
3248,3249,444,11,455
3249,3250,1133,29,1162
3250,3251,5686,78,5764
3251,3252,855,15,870
3252,3253,3530,86,3616
3253,3254,943,21,964
3254,3255,387,10,397
3255,3256,2094,50,2144
3256,3257,288,2,290
3257,3258,78,2,80
3258,3259,609,9,618
3259,3260,264,2,266
3260,3261,465,7,472
3261,3262,444,6,450
3262,3263,274,0,274
3263,3264,410,5,415
3264,3265,517,144,661
3265,3266,174,2,176
3266,3267,695,16,711
3267,3268,819,9,828
3268,3269,28841,241,29082
3269,3270,1739,21,1760
3270,3271,299,4,303
3271,3272,14592,404,14996
3272,3273,80,1,81
3273,3274,472,5,477
3274,3275,182,4,186
3275,3276,748,22,770
3276,3277,340,4,344
3277,3278,190,2,192
3278,3279,1642,42,1684
3279,3280,15325,143,15468
3280,3281,556,7,563
3281,3282,108,1,109
3282,3283,2048,34,2082
3283,3284,55,1,56
3284,3285,2306,96,2402
3285,3286,441,3,444
3286,3287,601,10,611
3287,3288,5913,148,6061
3288,3289,197,3,200
3289,3290,73,1,74
3290,3291,129,0,129
3291,3292,1190,36,1226
3292,3293,1132,23,1155
3293,3294,245,8,253
3294,3295,133,3,136
3295,3296,818,15,833
3296,3297,1707,33,1740
3297,3298,499,7,506
3298,3299,244,3,247
3299,3300,512,10,522
3300,3301,474,16,490
3301,3302,840,29,869
3302,3303,1192,28,1220
3303,3304,277,8,285
3304,3305,673,12,685
3305,3306,693,9,702
3306,3307,406,6,412
3307,3308,246,4,250
3308,3309,518,9,527
3309,3310,95,2,97
3310,3311,505,10,515
3311,3312,128,2,130
3312,3313,2072,41,2113
3313,3314,355,1,356
3314,3315,1252,10,1262
3315,3316,2552,44,2596
3316,3317,493,9,502
3317,3318,1170,21,1191
3318,3319,275,4,279
3319,3320,409,7,416
3320,3321,2926,63,2989
3321,3322,120,1,121
3322,3323,365,4,369
3323,3324,856,10,866
3324,3325,387,7,394
3325,3326,109,5,114
3326,3327,1146,11,1157
3327,3328,3739,41,3780
3328,3329,403,5,408
3329,3330,982,12,994
3330,3331,362,5,367
3331,3332,623,11,634
3332,3333,16977,55,17032
3333,3334,280,5,285
3334,3335,224,6,230
3335,3336,1844,31,1875
3336,3337,510,7,517
3337,3338,3216,43,3259
3338,3339,1341,14,1355
3339,3340,227,0,227
3340,3341,689,17,706
3341,3342,485,9,494
3342,3343,653,12,665
3343,3344,3828,47,3875
3344,3345,68,2,70
3345,3346,722,14,736
3346,3347,724,15,739
3347,3348,116,0,116
3348,3349,358,6,364
3349,3350,3073,52,3125
3350,3351,373,15,388
3351,3352,188,2,190
3352,3353,11610,136,11746
3353,3354,581,3,584
3354,3355,1424,30,1454
3355,3356,4122,57,4179
3356,3357,13439,232,13671
3357,3358,1851,27,1878
3358,3359,91,1,92
3359,3360,818,26,844
3360,3361,545,6,551
3361,3362,960,8,968
3362,3363,454,67,521
3363,3364,312,5,317
3364,3365,192,5,197
3365,3366,645,7,652
3366,3367,1256,39,1295
3367,3368,6224,148,6372
3368,3369,302,2,304
3369,3370,121,4,125
3370,3371,135,2,137
3371,3372,199,2,201
3372,3373,6137,193,6330
3373,3374,170,3,173
3374,3375,281,7,288
3375,3376,326,10,336
3376,3377,244,5,249
3377,3378,413,12,425
3378,3379,475,11,486
3379,3380,659,21,680
3380,3381,10046,98,10144
3381,3382,9808,181,9989
3382,3383,54587,159,54746
3383,3384,429,7,436
3384,3385,3192,55,3247
3385,3386,476,9,485
3386,3387,267,6,273
3387,3388,481,12,493
3388,3389,369,7,376
3389,3390,751,10,761
3390,3391,1651,27,1678
3391,3392,21,1,22
3392,3393,859,10,869
3393,3394,1342,24,1366
3394,3395,240,1,241
3395,3396,3181,143,3324
3396,3397,666,15,681
3397,3398,141,0,141
3398,3399,1073,18,1091
3399,3400,188,4,192
3400,3401,115,0,115
3401,3402,331,11,342
3402,3403,112,0,112
3403,3404,268,5,273
3404,3405,379,14,393
3405,3406,2079,50,2129
3406,3407,1539,25,1564
3407,3408,403,9,412
3408,3409,64,3,67
3409,3410,437,6,443
3410,3411,1729,20,1749
3411,3412,221,5,226
3412,3413,191,8,199
3413,3414,990,19,1009
3414,3415,74,1,75
3415,3416,2079,99,2178
3416,3417,1129,2,1131
3417,3418,989,23,1012
3418,3419,790,17,807
3419,3420,18062,72,18134
3420,3421,68,3,71
3421,3422,259,9,268
3422,3423,90,0,90
3423,3424,459,6,465
3424,3425,376,8,384
3425,3426,337,7,344
3426,3427,261,4,265
3427,3428,322,7,329
3428,3429,795,21,816
3429,3430,325,13,338
3430,3431,1206,23,1229
3431,3432,639,14,653
3432,3433,559,13,572
3433,3434,676,14,690
3434,3435,4791,38,4829
3435,3436,794,14,808
3436,3437,1867,26,1893
3437,3438,710,16,726
3438,3439,3791,57,3848
3439,3440,978,21,999
3440,3441,125,1,126
3441,3442,2533,43,2576
3442,3443,190,8,198
3443,3444,289,7,296
3444,3445,1225,22,1247
3445,3446,406,7,413
3446,3447,5739,109,5848
3447,3448,6479,106,6585
3448,3449,235,7,242
3449,3450,4093,58,4151
3450,3451,355,14,369
3451,3452,148,0,148
3452,3453,177,3,180
3453,3454,198,2,200
3454,3455,288,5,293
3455,3456,138,0,138
3456,3457,742,12,754
3457,3458,346,14,360
3458,3459,1381,19,1400
3459,3460,3923,46,3969
3460,3461,763,12,775
3461,3462,1062,27,1089
3462,3463,201,4,205
3463,3464,2142,44,2186
3464,3465,136,5,141
3465,3466,351,10,361
3466,3467,260958,3299,264257
3467,3468,651,20,671
3468,3469,109,3,112
3469,3470,762,12,774
3470,3471,199,5,204
3471,3472,471,12,483
3472,3473,390,4,394
3473,3474,1322,27,1349
3474,3475,676,20,696
3475,3476,141,3,144
3476,3477,394,6,400
3477,3478,5357,114,5471
3478,3479,204,9,213
3479,3480,338,18,356
3480,3481,221,4,225
3481,3482,8832,141,8973
3482,3483,8162,117,8279
3483,3484,251,8,259
3484,3485,179,6,185
3485,3486,409,6,415
3486,3487,4764,73,4837
3487,3488,488,8,496
3488,3489,578,14,592
3489,3490,341,12,353
3490,3491,119,1,120
3491,3492,246,3,249
3492,3493,689,17,706
3493,3494,2648,100,2748
3494,3495,89,2,91
3495,3496,146,3,149
3496,3497,452,10,462
3497,3498,200,2,202
3498,3499,1028,28,1056
3499,3500,434,8,442
3500,3501,317,6,323
3501,3502,1532,19,1551
3502,3503,364,3,367
3503,3504,361,4,365
3504,3505,988,23,1011
3505,3506,737,5,742
3506,3507,296,6,302
3507,3508,2616,34,2650
3508,3509,192,5,197
3509,3510,235,7,242
3510,3511,336,6,342
3511,3512,126,1,127
3512,3513,665,11,676
3513,3514,107,2,109
3514,3515,3649,65,3714
3515,3516,198,3,201
3516,3517,744,23,767
3517,3518,171,6,177
3518,3519,391,4,395
3519,3520,213,6,219
3520,3521,1042,12,1054
3521,3522,302,7,309
3522,3523,38,0,38
3523,3524,96,2,98
3524,3525,328,5,333
3525,3526,181,4,185
3526,3527,211,2,213
3527,3528,585,15,600
3528,3529,238,9,247
3529,3530,218,6,224
3530,3531,430,9,439
3531,3532,1002,24,1026
3532,3533,2194,28,2222
3533,3534,661,12,673
3534,3535,39,0,39
3535,3536,8008,139,8147
3536,3537,79,3,82
3537,3538,582,13,595
3538,3539,409,11,420
3539,3540,14838,305,15143
3540,3541,221,4,225
3541,3542,8627,170,8797
3542,3543,3924,40,3964
3543,3544,587,9,596
3544,3545,282,4,286
3545,3546,6774,141,6915
3546,3547,578,9,587
3547,3548,1544,22,1566
3548,3549,83,3,86
3549,3550,273,3,276
3550,3551,158,5,163
3551,3552,194,7,201
3552,3553,259,5,264
3553,3554,1064,24,1088
3554,3555,981,14,995
3555,3556,56,3,59
3556,3557,191,6,197
3557,3558,114,1,115
3558,3559,383,7,390
3559,3560,354,11,365
3560,3561,496,12,508
3561,3562,292,4,296
3562,3563,206,6,212
3563,3564,751,17,768
3564,3565,147,2,149
3565,3566,61,3,64
3566,3567,412,3,415
3567,3568,375,9,384
3568,3569,289,3,292
3569,3570,729,26,755
3570,3571,410,8,418
3571,3572,99,4,103
3572,3573,116,1,117
3573,3574,130,1,131
3574,3575,6578,58,6636
3575,3576,422,8,430
3576,3577,844,27,871
3577,3578,261,5,266
3578,3579,93,2,95
3579,3580,8790,142,8932
3580,3581,752,15,767
3581,3582,722,11,733
3582,3583,633,13,646
3583,3584,600,14,614
3584,3585,524,12,536
3585,3586,176,6,182
3586,3587,820,25,845
3587,3588,19903,305,20208
3588,3589,394,9,403
3589,3590,161,7,168
3590,3591,1351,21,1372
3591,3592,179,6,185
3592,3593,238,4,242
3593,3594,324,4,328
3594,3595,130,2,132
3595,3596,916,16,932
3596,3597,44,0,44
3597,3598,464,9,473
3598,3599,20,2,22
3599,3600,109,1,110
3600,3601,223,6,229
3601,3602,127,0,127
3602,3603,536,11,547
3603,3604,156,0,156
3604,3605,407,6,413
3605,3606,222,5,227
3606,3607,6847,111,6958
3607,3608,6272,135,6407
3608,3609,157,0,157
3609,3610,151,1,152
3610,3611,1087,47,1134
3611,3612,314,12,326
3612,3613,595,8,603
3613,3614,751,20,771
3614,3615,2156,36,2192
3615,3616,506,9,515
3616,3617,105,0,105
3617,3618,152,4,156
3618,3619,438,11,449
3619,3620,3367,56,3423
3620,3621,216,4,220
3621,3622,68,4,72
3622,3623,335,10,345
3623,3624,2476,25,2501
3624,3625,186,3,189
3625,3626,5580,71,5651
3626,3627,1053,18,1071
3627,3628,143,4,147
3628,3629,10737,341,11078
3629,3630,1509,18,1527
3630,3631,153,2,155
3631,3632,55,0,55
3632,3633,949,8,957
3633,3634,1680,14,1694
3634,3635,223,3,226
3635,3636,3706,72,3778
3636,3637,2376,65,2441
3637,3638,328,6,334
3638,3639,404,10,414
3639,3640,2464,39,2503
3640,3641,295,9,304
3641,3642,217,5,222
3642,3643,648,21,669
3643,3644,1396,36,1432
3644,3645,1185,24,1209
3645,3646,4723,89,4812
3646,3647,193,3,196
3647,3648,121583,1242,122825
3648,3649,460,9,469
3649,3650,1648,34,1682
3650,3651,341,5,346
3651,3652,40251,436,40687
3652,3653,2102,25,2127
3653,3654,736,6,742
3654,3655,663,10,673
3655,3656,680,13,693
3656,3657,137,3,140
3657,3658,1773,27,1800
3658,3659,966,19,985
3659,3660,165,2,167
3660,3661,609,20,629
3661,3662,786,5,791
3662,3663,523,10,533
3663,3664,488,15,503
3664,3665,104,0,104
3665,3666,175,3,178
3666,3667,1033,22,1055
3667,3668,302,3,305
3668,3669,594,9,603
3669,3670,2113,26,2139
3670,3671,555,16,571
3671,3672,417,10,427
3672,3673,411,4,415
3673,3674,4713,72,4785
3674,3675,2572,72,2644
3675,3676,1977,53,2030
3676,3677,7152,50,7202
3677,3678,2122,44,2166
3678,3679,75,0,75
3679,3680,3506,126,3632
3680,3681,51,1,52
3681,3682,465,2,467
3682,3683,224,4,228
3683,3684,574,21,595
3684,3685,679,15,694
3685,3686,765,16,781
3686,3687,90,1,91
3687,3688,113,1,114
3688,3689,513,8,521
3689,3690,374,17,391
3690,3691,372,8,380
3691,3692,230,5,235
3692,3693,499,9,508
3693,3694,291,2,293
3694,3695,606,6,612
3695,3696,196,2,198
3696,3697,601,13,614
3697,3698,248,3,251
3698,3699,119,0,119
3699,3700,2278,38,2316
3700,3701,3942,73,4015
3701,3702,185,6,191
3702,3703,2937,56,2993
3703,3704,702,10,712
3704,3705,3553,63,3616
3705,3706,411,6,417
3706,3707,891,18,909
3707,3708,853,15,868
3708,3709,865,27,892
3709,3710,1207,75,1282
3710,3711,7187,165,7352
3711,3712,1111,21,1132
3712,3713,1457,32,1489
3713,3714,7195,401,7596
3714,3715,99,1,100
3715,3716,5,0,5
3716,3717,196,3,199
3717,3718,9957,145,10102
3718,3719,94,2,96
3719,3720,382,10,392
3720,3721,3295,69,3364
3721,3722,67,0,67
3722,3723,218,3,221
3723,3724,41111,1742,42853
3724,3725,810,12,822
3725,3726,240,5,245
3726,3727,21050,360,21410
3727,3728,175,2,177
3728,3729,327,7,334
3729,3730,19792,566,20358
3730,3731,123,2,125
3731,3732,239,13,252
3732,3733,2478,213,2691
3733,3734,4515,62,4577
3734,3735,102,1,103
3735,3736,64541,2065,66606
3736,3737,147,4,151
3737,3738,631,10,641
3738,3739,1661,39,1700
3739,3740,349,6,355
3740,3741,690,11,701
3741,3742,1422,33,1455
3742,3743,28834,609,29443
3743,3744,630,12,642
3744,3745,328,80,408
3745,3746,2092,48,2140
3746,3747,3894,77,3971
3747,3748,345,12,357
3748,3749,894,23,917
3749,3750,147,3,150
3750,3751,46,0,46
3751,3752,117,2,119
3752,3753,107,4,111
3753,3754,159,4,163
3754,3755,266,12,278
3755,3756,2186,24,2210
3756,3757,3247,68,3315
3757,3758,340,7,347
3758,3759,93,3,96
3759,3760,55,0,55
3760,3761,165,4,169
3761,3762,141,1,142
3762,3763,375,6,381
3763,3764,1141,18,1159
3764,3765,781,34,815
3765,3766,478,5,483
3766,3767,271,7,278
3767,3768,885,20,905
3768,3769,218,7,225
3769,3770,731,19,750
3770,3771,253,4,257
3771,3772,1324,25,1349
3772,3773,3403,101,3504
3773,3774,71,1,72
3774,3775,191,1,192
3775,3776,998,27,1025
3776,3777,233,5,238
3777,3778,334,4,338
3778,3779,1903,26,1929
3779,3780,613,24,637
3780,3781,959,11,970
3781,3782,306,4,310
3782,3783,2763,85,2848
3783,3784,124,6,130
3784,3785,162,2,164
3785,3786,111,2,113
3786,3787,865,19,884
3787,3788,441,9,450
3788,3789,175,7,182
3789,3790,174,5,179
3790,3791,1165,29,1194
3791,3792,704,14,718
3792,3793,402,5,407
3793,3794,253,4,257
3794,3795,60,2,62
3795,3796,317,6,323
3796,3797,1204,33,1237
3797,3798,845,12,857
3798,3799,300,4,304
3799,3800,343,7,350
3800,3801,1248,24,1272
3801,3802,4804,54,4858
3802,3803,1757,14,1771
3803,3804,348,4,352
3804,3805,387,11,398
3805,3806,595,14,609
3806,3807,695,11,706
3807,3808,453,10,463
3808,3809,233,2,235
3809,3810,210,5,215
3810,3811,436,5,441
3811,3812,47,1,48
3812,3813,213,1,214
3813,3814,107,1,108
3814,3815,1061,24,1085
3815,3816,47,1,48
3816,3817,125,4,129
3817,3818,38,2,40
3818,3819,87,0,87
3819,3820,1166,17,1183
3820,3821,438,4,442
3821,3822,521,9,530
3822,3823,3194,22,3216
3823,3824,506,12,518
3824,3825,7983,75,8058
3825,3826,36,0,36
3826,3827,1180,28,1208
3827,3828,150,1,151
3828,3829,1267,22,1289
3829,3830,175,3,178
3830,3831,727,16,743
3831,3832,228,5,233
3832,3833,206,6,212
3833,3834,426,5,431
3834,3835,320,6,326
3835,3836,1410,51,1461
3836,3837,844,14,858
3837,3838,1699,46,1745
3838,3839,2963,41,3004
3839,3840,922,17,939
3840,3841,74,5,79
3841,3842,249,3,252
3842,3843,832,11,843
3843,3844,182,4,186
3844,3845,212,3,215
3845,3846,238,6,244
3846,3847,129,0,129
3847,3848,388,8,396
3848,3849,1542,21,1563
3849,3850,1532,25,1557
3850,3851,2372,93,2465
3851,3852,646,16,662
3852,3853,147,3,150
3853,3854,756,14,770
3854,3855,147,6,153
3855,3856,153,1,154
3856,3857,240,1,241
3857,3858,125,2,127
3858,3859,136,6,142
3859,3860,1417,20,1437
3860,3861,4159,41,4200
3861,3862,389,4,393
3862,3863,174,1,175
3863,3864,3757,77,3834
3864,3865,575,14,589
3865,3866,240,1,241
3866,3867,53,1,54
3867,3868,554,6,560
3868,3869,309,9,318
3869,3870,65,1,66
3870,3871,64,1,65
3871,3872,311,6,317
3872,3873,729,7,736
3873,3874,52,1,53
3874,3875,130,7,137
3875,3876,150,3,153
3876,3877,1643,24,1667
3877,3878,88,4,92
3878,3879,541,13,554
3879,3880,92,1,93
3880,3881,174,8,182
3881,3882,3926,78,4004
3882,3883,417,13,430
3883,3884,867,23,890
3884,3885,1218,31,1249
3885,3886,1065,20,1085
3886,3887,1339,16,1355
3887,3888,1019,14,1033
3888,3889,344,5,349
3889,3890,892,11,903
3890,3891,598,11,609
3891,3892,427,6,433
3892,3893,3281,56,3337
3893,3894,100,2,102
3894,3895,131,4,135
3895,3896,131,2,133
3896,3897,360,3,363
3897,3898,198,4,202
3898,3899,349,5,354
3899,3900,1324,38,1362
3900,3901,519,16,535
3901,3902,252,7,259
3902,3903,1876,58,1934
3903,3904,2923,66,2989
3904,3905,5631,94,5725
3905,3906,125,4,129
3906,3907,1861,61,1922
3907,3908,3120,72,3192
3908,3909,750,13,763
3909,3910,373,20,393
3910,3911,575,1,576
3911,3912,325,7,332
3912,3913,111,3,114
3913,3914,229,3,232
3914,3915,120,6,126
3915,3916,786,2,788
3916,3917,63,3,66
3917,3918,232,3,235
3918,3919,723,11,734
3919,3920,1309,18,1327
3920,3921,268,7,275
3921,3922,329,5,334
3922,3923,220,3,223
3923,3924,170,1,171
3924,3925,323,2,325
3925,3926,76,0,76
3926,3927,242,9,251
3927,3928,685,13,698
3928,3929,210,2,212
3929,3930,238,1,239
3930,3931,34,0,34
3931,3932,2039,35,2074
3932,3933,170,6,176
3933,3934,2235,25,2260
3934,3935,2849,59,2908
3935,3936,829,13,842
3936,3937,277,5,282
3937,3938,168,2,170
3938,3939,75,0,75
3939,3940,172,3,175
3940,3941,259,2,261
3941,3942,173,3,176
3942,3943,3208,81,3289
3943,3944,199,2,201
3944,3945,31,1,32
3945,3946,137,2,139
3946,3947,279,5,284
3947,3948,439,10,449
3948,3949,721,11,732
3949,3950,553,13,566
3950,3951,182,5,187
3951,3952,1300,27,1327
3952,3953,1624,40,1664
3953,3954,303,7,310
3954,3955,190,1,191
3955,3956,1459,27,1486
3956,3957,2354,37,2391
3957,3958,632,8,640
3958,3959,787,9,796
3959,3960,1307,17,1324
3960,3961,241,4,245
3961,3962,1338,30,1368
3962,3963,206,8,214
3963,3964,521,8,529
3964,3965,320,5,325
3965,3966,541,10,551
3966,3967,90,3,93
3967,3968,213,4,217
3968,3969,3670,56,3726
3969,3970,198,5,203
3970,3971,109,1,110
3971,3972,2629,52,2681
3972,3973,13057,203,13260
3973,3974,557,10,567
3974,3975,691,50,741
3975,3976,172,8,180
3976,3977,1563,37,1600
3977,3978,301,7,308
3978,3979,1028,11,1039
3979,3980,620,10,630
3980,3981,3362,122,3484
3981,3982,263,6,269
3982,3983,112,0,112
3983,3984,79,2,81
3984,3985,46,0,46
3985,3986,1535,29,1564
3986,3987,174,4,178
3987,3988,112,5,117
3988,3989,81,3,84
3989,3990,93,6,99
3990,3991,144,1,145
3991,3992,2090,46,2136
3992,3993,398,7,405
3993,3994,4495,45,4540
3994,3995,1741,34,1775
3995,3996,68,0,68
3996,3997,962,12,974
3997,3998,244,4,248
3998,3999,2307,18,2325
3999,4000,1275,7,1282
4000,4001,129,2,131
4001,4002,190,6,196
4002,4003,147,1,148
4003,4004,291,6,297
4004,4005,189,1,190
4005,4006,142,3,145
4006,4007,2357,43,2400
4007,4008,5088,63,5151
4008,4009,396,7,403
4009,4010,6660,282,6942
4010,4011,60,0,60
4011,4012,88,5,93
4012,4013,844,12,856
4013,4014,318,5,323
4014,4015,2137,52,2189
4015,4016,746,4,750
4016,4017,761,12,773
4017,4018,328,6,334
4018,4019,651,16,667
4019,4020,823,16,839
4020,4021,2817,49,2866
4021,4022,94,2,96
4022,4023,595,10,605
4023,4024,54,0,54
4024,4025,628,13,641
4025,4026,196,6,202
4026,4027,221,5,226
4027,4028,123,3,126
4028,4029,438,5,443
4029,4030,25,0,25
4030,4031,2011,40,2051
4031,4032,387,8,395
4032,4033,1144,35,1179
4033,4034,1096,22,1118
4034,4035,240,4,244
4035,4036,216,3,219
4036,4037,177,3,180
4037,4038,125,1,126
4038,4039,4022,54,4076
4039,4040,384,7,391
4040,4041,2363,44,2407
4041,4042,185,11,196
4042,4043,1127,12,1139
4043,4044,93,2,95
4044,4045,934,22,956
4045,4046,3697,104,3801
4046,4047,671,12,683
4047,4048,19850,997,20847
4048,4049,139926,2629,142555
4049,4050,627,8,635
4050,4051,130,1,131
4051,4052,403,12,415
4052,4053,1612,29,1641
4053,4054,202,5,207
4054,4055,97,0,97
4055,4056,3655,78,3733
4056,4057,929,12,941
4057,4058,43,1,44
4058,4059,1368,29,1397
4059,4060,4221,115,4336
4060,4061,166,1,167
4061,4062,379,10,389
4062,4063,76,0,76
4063,4064,116,0,116
4064,4065,589,16,605
4065,4066,5066,89,5155
4066,4067,904,24,928
4067,4068,1478,31,1509
4068,4069,278,3,281
4069,4070,36,3,39
4070,4071,2128,135,2263
4071,4072,184,3,187
4072,4073,176,5,181
4073,4074,1037,44,1081
4074,4075,154,2,156
4075,4076,1360,22,1382
4076,4077,305,4,309
4077,4078,408,7,415
4078,4079,1913,24,1937
4079,4080,4005,72,4077
4080,4081,430,2,432
4081,4082,679,6,685
4082,4083,654,8,662
4083,4084,301,5,306
4084,4085,160,5,165
4085,4086,43,0,43
4086,4087,590,16,606
4087,4088,743,12,755
4088,4089,1777,53,1830
4089,4090,453,7,460
4090,4091,2667,39,2706
4091,4092,3116,146,3262
4092,4093,334,11,345
4093,4094,120,1,121
4094,4095,8566,120,8686
4095,4096,1216,23,1239
4096,4097,654,11,665
4097,4098,1313,15,1328
4098,4099,673,20,693
4099,4100,217,8,225
4100,4101,409,9,418
4101,4102,263,9,272
4102,4103,1290,12,1302
4103,4104,338,7,345
4104,4105,682,14,696
4105,4106,635,17,652
4106,4107,143,2,145
4107,4108,1823,28,1851
4108,4109,183,1,184
4109,4110,114,1,115
4110,4111,228,2,230
4111,4112,608,11,619
4112,4113,11339,320,11659
4113,4114,217,2,219
4114,4115,5213,96,5309
4115,4116,546,10,556
4116,4117,291,6,297
4117,4118,750,4,754
4118,4119,2040,30,2070
4119,4120,177,6,183
4120,4121,448,14,462
4121,4122,263,5,268
4122,4123,5826,150,5976
4123,4124,600,7,607
4124,4125,164,0,164
4125,4126,544,18,562
4126,4127,1223,41,1264
4127,4128,554,15,569
4128,4129,500,12,512
4129,4130,494,13,507
4130,4131,54,1,55
4131,4132,18812,317,19129
4132,4133,235,2,237
4133,4134,137,1,138
4134,4135,159,0,159
4135,4136,173,4,177
4136,4137,243,3,246
4137,4138,5675,114,5789
4138,4139,201,2,203
4139,4140,670,30,700
4140,4141,460,16,476
4141,4142,411,13,424
4142,4143,2772,26,2798
4143,4144,271,2,273
4144,4145,1719,39,1758
4145,4146,3192,71,3263
4146,4147,123,3,126
4147,4148,226,7,233
4148,4149,305,9,314
4149,4150,91,2,93
4150,4151,261,11,272
4151,4152,940,17,957
4152,4153,962,17,979
4153,4154,12097,175,12272
4154,4155,212,3,215
4155,4156,374,5,379
4156,4157,17361,345,17706
4157,4158,787,12,799
4158,4159,507,6,513
4159,4160,1115,17,1132
4160,4161,3342,39,3381
4161,4162,621,6,627
4162,4163,85,1,86
4163,4164,324,5,329
4164,4165,771,9,780
4165,4166,696,21,717
4166,4167,855,22,877
4167,4168,448,7,455
4168,4169,780,12,792
4169,4170,523,7,530
4170,4171,417,8,425
4171,4172,6478,111,6589
4172,4173,488,13,501
4173,4174,171,5,176
4174,4175,974,14,988
4175,4176,204,9,213
4176,4177,3084,41,3125
4177,4178,596,8,604
4178,4179,740,11,751
4179,4180,223,7,230
4180,4181,4199,152,4351
4181,4182,1070,20,1090
4182,4183,527,4,531
4183,4184,288,8,296
4184,4185,145,2,147
4185,4186,6609,325,6934
4186,4187,1445,51,1496
4187,4188,1517,41,1558
4188,4189,318,4,322
4189,4190,92,7,99
4190,4191,2878,45,2923
4191,4192,2262,69,2331
4192,4193,605,14,619
4193,4194,10851,274,11125
4194,4195,301,5,306
4195,4196,651,10,661
4196,4197,46330,1285,47615
4197,4198,249,6,255
4198,4199,4185,224,4409
4199,4200,232,6,238
4200,4201,2155,53,2208
4201,4202,80,4,84
4202,4203,934,14,948
4203,4204,262,9,271
4204,4205,58,1,59
4205,4206,482,2,484
4206,4207,1260,9,1269
4207,4208,2545,42,2587
4208,4209,780,22,802
4209,4210,652,131,783
4210,4211,101,1,102
4211,4212,46,1,47
4212,4213,1024,20,1044
4213,4214,478,12,490
4214,4215,317,3,320
4215,4216,415,9,424
4216,4217,198,1,199
4217,4218,62,2,64
4218,4219,255,4,259
4219,4220,322,6,328
4220,4221,637,8,645
4221,4222,982,16,998
4222,4223,42244,401,42645
4223,4224,525,3,528
4224,4225,2902,68,2970
4225,4226,247,0,247
4226,4227,608,16,624
4227,4228,464,8,472
4228,4229,260,8,268
4229,4230,350,4,354
4230,4231,303,4,307
4231,4232,646,10,656
4232,4233,211,4,215
4233,4234,76,1,77
4234,4235,3311,36,3347
4235,4236,4809,10,4819
4236,4237,135,2,137
4237,4238,381,10,391
4238,4239,213,5,218
4239,4240,497,9,506
4240,4241,85,1,86
4241,4242,1421,30,1451
4242,4243,972,22,994
4243,4244,153,4,157
4244,4245,1532,32,1564
4245,4246,72,4,76
4246,4247,202,8,210
4247,4248,427,11,438
4248,4249,164,4,168
4249,4250,343,5,348
4250,4251,659,10,669
4251,4252,288,4,292
4252,4253,57,2,59
4253,4254,312,12,324
4254,4255,134,7,141
4255,4256,433,10,443
4256,4257,129,1,130
4257,4258,425,15,440
4258,4259,128,4,132
4259,4260,671,12,683
4260,4261,301,4,305
4261,4262,899,15,914
4262,4263,399,4,403
4263,4264,753,14,767
4264,4265,501,5,506
4265,4266,133,0,133
4266,4267,357,4,361
4267,4268,121,1,122
4268,4269,1189,75,1264
4269,4270,985,25,1010
4270,4271,21903,367,22270
4271,4272,11258,40,11298
4272,4273,866,19,885
4273,4274,138,0,138
4274,4275,747,15,762
4275,4276,125,2,127
4276,4277,1419,22,1441
4277,4278,1052,33,1085
4278,4279,696,12,708
4279,4280,283,5,288
4280,4281,19403,187,19590
4281,4282,870,25,895
4282,4283,1516,36,1552
4283,4284,184,6,190
4284,4285,253,12,265
4285,4286,445,14,459
4286,4287,5947,105,6052
4287,4288,1667,15,1682
4288,4289,1361,6,1367
4289,4290,96,4,100
4290,4291,609,15,624
4291,4292,93,3,96
4292,4293,818,15,833
4293,4294,10081,104,10185
4294,4295,193,11,204
4295,4296,455,5,460
4296,4297,412,7,419
4297,4298,290,6,296
4298,4299,600,9,609
4299,4300,25330,427,25757
4300,4301,8163,214,8377
4301,4302,349,1,350
4302,4303,709,4,713
4303,4304,264,5,269
4304,4305,277,10,287
4305,4306,1379,104,1483
4306,4307,177,7,184
4307,4308,1176,25,1201
4308,4309,205,5,210
4309,4310,224,5,229
4310,4311,733,9,742
4311,4312,18,0,18
4312,4313,3073,54,3127
4313,4314,1475,47,1522
4314,4315,3497,43,3540
4315,4316,192,5,197
4316,4317,4347,34,4381
4317,4318,18905,461,19366
4318,4319,567,4,571
4319,4320,414,12,426
4320,4321,17525,198,17723
4321,4322,215,5,220
4322,4323,67,0,67
4323,4324,236,3,239
4324,4325,6404,81,6485
4325,4326,633,21,654
4326,4327,404,9,413
4327,4328,345,5,350
4328,4329,643,18,661
4329,4330,1359,13,1372
4330,4331,78,1,79
4331,4332,2139,146,2285
4332,4333,358,4,362
4333,4334,404,13,417
4334,4335,327,6,333
4335,4336,81,2,83
4336,4337,2059,43,2102
4337,4338,554,11,565
4338,4339,828,21,849
4339,4340,653,13,666
4340,4341,106,0,106
4341,4342,429,9,438
4342,4343,3455,87,3542
4343,4344,2289,35,2324
4344,4345,1680,30,1710
4345,4346,750,8,758
4346,4347,168,1,169
4347,4348,295,5,300
4348,4349,861,27,888
4349,4350,167,3,170
4350,4351,454,126,580
4351,4352,226,6,232
4352,4353,44,0,44
4353,4354,102,3,105
4354,4355,493,21,514
4355,4356,421,8,429
4356,4357,27412,321,27733
4357,4358,174,4,178
4358,4359,1803,26,1829
4359,4360,2851,56,2907
4360,4361,454,12,466
4361,4362,660,6,666
4362,4363,771,29,800
4363,4364,159,5,164
4364,4365,353,7,360
4365,4366,673,12,685
4366,4367,655,18,673
4367,4368,239,3,242
4368,4369,181,4,185
4369,4370,2186,37,2223
4370,4371,1290,13,1303
4371,4372,566,14,580
4372,4373,767,17,784
4373,4374,1521,29,1550
4374,4375,611,10,621
4375,4376,252,6,258
4376,4377,2317,59,2376
4377,4378,275,9,284
4378,4379,198,2,200
4379,4380,436,10,446
4380,4381,590,13,603
4381,4382,137,1,138
4382,4383,3306,23,3329
4383,4384,95,1,96
4384,4385,1827,28,1855
4385,4386,194,7,201
4386,4387,1445,90,1535
4387,4388,193,1,194
4388,4389,1861,42,1903
4389,4390,176,7,183
4390,4391,194,3,197
4391,4392,404,9,413
4392,4393,438,6,444
4393,4394,707,10,717
4394,4395,588,5,593
4395,4396,167,6,173
4396,4397,808,14,822
4397,4398,1615,29,1644
4398,4399,323,5,328
4399,4400,1812,64,1876
4400,4401,279,5,284
4401,4402,181,4,185
4402,4403,113,2,115
4403,4404,273,8,281
4404,4405,159,1,160
4405,4406,240,4,244
4406,4407,96,0,96
4407,4408,793,12,805
4408,4409,243,6,249
4409,4410,1049,12,1061
4410,4411,155,5,160
4411,4412,225,6,231
4412,4413,511,7,518
4413,4414,1191,31,1222
4414,4415,322,3,325
4415,4416,148,0,148
4416,4417,524,11,535
4417,4418,326,7,333
4418,4419,400,5,405
4419,4420,862,18,880
4420,4421,222,7,229
4421,4422,235,7,242
4422,4423,765,4,769
4423,4424,308,4,312
4424,4425,1157,17,1174
4425,4426,2325,95,2420
4426,4427,215,7,222
4427,4428,277,12,289
4428,4429,260,2,262
4429,4430,282,3,285
4430,4431,814,9,823
4431,4432,64,0,64
4432,4433,421,1,422
4433,4434,136,2,138
4434,4435,1539,103,1642
4435,4436,534,9,543
4436,4437,108,5,113
4437,4438,472,7,479
4438,4439,235,1,236
4439,4440,878,16,894
4440,4441,527,15,542
4441,4442,1908,62,1970
4442,4443,1988,36,2024
4443,4444,12156,77,12233
4444,4445,134,4,138
4445,4446,306,2,308
4446,4447,540,8,548
4447,4448,156,5,161
4448,4449,369,7,376
4449,4450,183,2,185
4450,4451,434,7,441
4451,4452,131,2,133
4452,4453,465,10,475
4453,4454,87,3,90
4454,4455,278,3,281
4455,4456,2833,31,2864
4456,4457,441,14,455
4457,4458,148,6,154
4458,4459,376,9,385
4459,4460,673,16,689
4460,4461,81,8,89
4461,4462,134,0,134
4462,4463,128,3,131
4463,4464,161,4,165
4464,4465,326,4,330
4465,4466,9408,220,9628
4466,4467,404,5,409
4467,4468,152,4,156
4468,4469,88,1,89
4469,4470,282,11,293
4470,4471,120,0,120
4471,4472,99,5,104
4472,4473,571,12,583
4473,4474,848,12,860
4474,4475,119,3,122
4475,4476,1303,26,1329
4476,4477,74,3,77
4477,4478,2053,41,2094
4478,4479,123,3,126
4479,4480,124,3,127
4480,4481,48,2,50
4481,4482,1921,45,1966
4482,4483,1749,46,1795
4483,4484,1927,54,1981
4484,4485,67,1,68
4485,4486,42,0,42
4486,4487,207,1,208
4487,4488,130,4,134
4488,4489,212,5,217
4489,4490,2961,38,2999
4490,4491,522,7,529
4491,4492,57,2,59
4492,4493,107,5,112
4493,4494,133,2,135
4494,4495,148,1,149
4495,4496,131,0,131
4496,4497,1060,17,1077
4497,4498,2456,25,2481
4498,4499,468,9,477
4499,4500,1257,19,1276
4500,4501,736,13,749
4501,4502,395,2,397
4502,4503,1053,15,1068
4503,4504,1277,44,1321
4504,4505,1349,23,1372
4505,4506,48,2,50
4506,4507,506,9,515
4507,4508,21,3,24
4508,4509,849,18,867
4509,4510,160,0,160
4510,4511,374,2,376
4511,4512,1030,14,1044
4512,4513,1282,16,1298
4513,4514,79,3,82
4514,4515,253,3,256
4515,4516,91,0,91
4516,4517,469,7,476
4517,4518,42,0,42
4518,4519,213,7,220
4519,4520,206,1,207
4520,4521,293,8,301
4521,4522,314,13,327
4522,4523,536,3,539
4523,4524,322,9,331
4524,4525,26597,347,26944
4525,4526,647,14,661
4526,4527,716,11,727
4527,4528,54,0,54
4528,4529,175,4,179
4529,4530,315,8,323
4530,4531,457,11,468
4531,4532,398,3,401
4532,4533,96,5,101
4533,4534,218,5,223
4534,4535,464,11,475
4535,4536,66,0,66
4536,4537,104,1,105
4537,4538,280,2,282
4538,4539,636,14,650
4539,4540,732,16,748
4540,4541,284,5,289
4541,4542,242,4,246
4542,4543,2276,24,2300
4543,4544,251,3,254
4544,4545,663,22,685
4545,4546,51,0,51
4546,4547,388,8,396
4547,4548,32,5,37
4548,4549,125,6,131
4549,4550,244,4,248
4550,4551,1026,23,1049
4551,4552,26,2,28
4552,4553,197,20,217
4553,4554,236,2,238
4554,4555,290,3,293
4555,4556,116,0,116
4556,4557,2138,85,2223
4557,4558,609,9,618
4558,4559,26,0,26
4559,4560,200,3,203
4560,4561,4516,74,4590
4561,4562,1260,14,1274
4562,4563,2870,51,2921
4563,4564,476,14,490
4564,4565,361,5,366
4565,4566,75,4,79
4566,4567,988,22,1010
4567,4568,549,11,560
4568,4569,318,8,326
4569,4570,85,1,86
4570,4571,588,6,594
4571,4572,4065,106,4171
4572,4573,973,68,1041
4573,4574,550,21,571
4574,4575,30642,349,30991
4575,4576,224,2,226
4576,4577,701,20,721
4577,4578,105,0,105
4578,4579,129,5,134
4579,4580,162,7,169
4580,4581,1053,28,1081
4581,4582,194,5,199
4582,4583,774,14,788
4583,4584,89,2,91
4584,4585,688,15,703
4585,4586,291,9,300
4586,4587,608,6,614
4587,4588,2789,90,2879
4588,4589,156,2,158
4589,4590,275,3,278
4590,4591,5743,231,5974
4591,4592,5316,76,5392
4592,4593,199,1,200
4593,4594,67,3,70
4594,4595,3093,68,3161
4595,4596,451,15,466
4596,4597,705,26,731
4597,4598,136,1,137
4598,4599,4417,73,4490
4599,4600,1185,12,1197
4600,4601,915,8,923
4601,4602,1395,27,1422
4602,4603,4809,92,4901
4603,4604,198,4,202
4604,4605,2107,42,2149
4605,4606,1202,13,1215
4606,4607,271,12,283
4607,4608,130,2,132
4608,4609,520,9,529
4609,4610,516,4,520
4610,4611,324,3,327
4611,4612,73,3,76
4612,4613,479,12,491
4613,4614,125,6,131
4614,4615,206,6,212
4615,4616,681,10,691
4616,4617,209,1,210
4617,4618,1072,19,1091
4618,4619,111,5,116
4619,4620,3376,29,3405
4620,4621,160,5,165
4621,4622,604,13,617
4622,4623,945,22,967
4623,4624,582,8,590
4624,4625,557,9,566
4625,4626,152,4,156
4626,4627,584,11,595
4627,4628,267,5,272
4628,4629,3683,70,3753
4629,4630,574,11,585
4630,4631,532,7,539
4631,4632,178,5,183
4632,4633,356,9,365
4633,4634,1152,26,1178
4634,4635,72,1,73
4635,4636,3616,63,3679
4636,4637,308,4,312
4637,4638,2042,26,2068
4638,4639,754,21,775
4639,4640,447,7,454
4640,4641,1943,44,1987
4641,4642,765,11,776
4642,4643,519,18,537
4643,4644,220,2,222
4644,4645,3034,59,3093
4645,4646,311,9,320
4646,4647,156,5,161
4647,4648,331,6,337
4648,4649,427,4,431
4649,4650,216,8,224
4650,4651,427,6,433
4651,4652,334,5,339
4652,4653,76,4,80
4653,4654,1553,24,1577
4654,4655,206,4,210
4655,4656,442,12,454
4656,4657,486,10,496
4657,4658,1250,37,1287
4658,4659,86,2,88
4659,4660,145,4,149
4660,4661,1064,29,1093
4661,4662,205,10,215
4662,4663,434,8,442
4663,4664,161,6,167
4664,4665,410,2,412
4665,4666,755,11,766
4666,4667,942,9,951
4667,4668,129,3,132
4668,4669,1281,14,1295
4669,4670,7069,108,7177
4670,4671,34,2,36
4671,4672,474,5,479
4672,4673,1005,20,1025
4673,4674,3108,40,3148
4674,4675,309,4,313
4675,4676,143,4,147
4676,4677,112,5,117
4677,4678,25039,349,25388
4678,4679,34,0,34
4679,4680,76,3,79
4680,4681,50,0,50
4681,4682,373,7,380
4682,4683,1023,21,1044
4683,4684,1671,31,1702
4684,4685,572,6,578
4685,4686,139,4,143
4686,4687,394,10,404
4687,4688,357,13,370
4688,4689,254,4,258
4689,4690,67,2,69
4690,4691,928,24,952
4691,4692,78308,1242,79550
4692,4693,193,4,197
4693,4694,1015,25,1040
4694,4695,1549,28,1577
4695,4696,328,6,334
4696,4697,257,5,262
4697,4698,193,3,196
4698,4699,129,2,131
4699,4700,2007,51,2058
4700,4701,2442,64,2506
4701,4702,321,10,331
4702,4703,341,7,348
4703,4704,289,10,299
4704,4705,128,1,129
4705,4706,180,1,181
4706,4707,2413,26,2439
4707,4708,4439,59,4498
4708,4709,303,4,307
4709,4710,507,12,519
4710,4711,1386,23,1409
4711,4712,51,4,55
4712,4713,1951,36,1987
4713,4714,10301,206,10507
4714,4715,173,7,180
4715,4716,3558,31,3589
4716,4717,225,8,233
4717,4718,341,10,351
4718,4719,171,4,175
4719,4720,1380,27,1407
4720,4721,1698,29,1727
4721,4722,957,14,971
4722,4723,1835,37,1872
4723,4724,9918,324,10242
4724,4725,30440,274,30714
4725,4726,227,11,238
4726,4727,280,6,286
4727,4728,1529,45,1574
4728,4729,223,8,231
4729,4730,356,7,363
4730,4731,6464,70,6534
4731,4732,138,3,141
4732,4733,42,1,43
4733,4734,66,3,69
4734,4735,69,0,69
4735,4736,1589,37,1626
4736,4737,4201,77,4278
4737,4738,2651,47,2698
4738,4739,2836,28,2864
4739,4740,1331,16,1347
4740,4741,117,4,121
4741,4742,225,7,232
4742,4743,2168,44,2212
4743,4744,1089,19,1108
4744,4745,157,8,165
4745,4746,299,5,304
4746,4747,106230,2174,108404
4747,4748,732,3,735
4748,4749,2578,32,2610
4749,4750,155,3,158
4750,4751,52178,491,52669
4751,4752,431,7,438
4752,4753,618,7,625
4753,4754,763,20,783
4754,4755,1203,21,1224
4755,4756,1396,23,1419
4756,4757,252,1,253
4757,4758,170,7,177
4758,4759,38,1,39
4759,4760,205,7,212
4760,4761,19937,940,20877
4761,4762,206,1,207
4762,4763,350,3,353
4763,4764,211,3,214
4764,4765,1158,20,1178
4765,4766,399,4,403
4766,4767,256,8,264
4767,4768,138,1,139
4768,4769,49,1,50
4769,4770,597,22,619
4770,4771,185,9,194
4771,4772,411,4,415
4772,4773,262,10,272
4773,4774,491,12,503
4774,4775,2883,74,2957
4775,4776,442,5,447
4776,4777,763,4,767
4777,4778,214,1,215
4778,4779,1084,20,1104
4779,4780,2021,48,2069
4780,4781,506,9,515
4781,4782,4150,81,4231
4782,4783,699,11,710
4783,4784,134,1,135
4784,4785,368,11,379
4785,4786,1119,32,1151
4786,4787,272,3,275
4787,4788,72509,625,73134
4788,4789,457,10,467
4789,4790,1233,24,1257
4790,4791,227,1,228
4791,4792,337,14,351
4792,4793,499,5,504
4793,4794,213,2,215
4794,4795,2461,29,2490
4795,4796,472,5,477
4796,4797,815,26,841
4797,4798,2229,33,2262
4798,4799,1948,39,1987
4799,4800,142,4,146
4800,4801,509,8,517
4801,4802,660,10,670
4802,4803,324,3,327
4803,4804,49,1,50
4804,4805,59,0,59
4805,4806,208,11,219
4806,4807,2166,76,2242
4807,4808,275,3,278
4808,4809,306,7,313
4809,4810,613,12,625
4810,4811,5507,33,5540
4811,4812,1540,20,1560
4812,4813,744,8,752
4813,4814,43294,622,43916
4814,4815,5774,82,5856
4815,4816,510,21,531
4816,4817,202,3,205
4817,4818,5898,99,5997
4818,4819,34,0,34
4819,4820,169,6,175
4820,4821,390,11,401
4821,4822,194,1,195
4822,4823,4542,111,4653
4823,4824,2466,55,2521
4824,4825,1019,13,1032
4825,4826,1028,32,1060
4826,4827,141,4,145
4827,4828,467,4,471
4828,4829,704,16,720
4829,4830,1732,17,1749
4830,4831,1753,49,1802
4831,4832,73,0,73
4832,4833,220,3,223
4833,4834,303,4,307
4834,4835,1779,16,1795
4835,4836,663,126,789
4836,4837,2984,142,3126
4837,4838,342,10,352
4838,4839,6622,109,6731
4839,4840,2128,56,2184
4840,4841,49,0,49
4841,4842,342,10,352
4842,4843,388,12,400
4843,4844,257,5,262
4844,4845,939,28,967
4845,4846,334,10,344
4846,4847,32176,618,32794
4847,4848,1334,36,1370
4848,4849,1229,13,1242
4849,4850,761,11,772
4850,4851,1198,24,1222
4851,4852,1943,38,1981
4852,4853,424,13,437
4853,4854,996,19,1015
4854,4855,456,7,463
4855,4856,176,7,183
4856,4857,419,5,424
4857,4858,360,5,365
4858,4859,2730,40,2770
4859,4860,414,5,419
4860,4861,573,16,589
4861,4862,841,25,866
4862,4863,4436,54,4490
4863,4864,1864,24,1888
4864,4865,3066,61,3127
4865,4866,101,3,104
4866,4867,1039,16,1055
4867,4868,19,0,19
4868,4869,157,2,159
4869,4870,319,8,327
4870,4871,699,10,709
4871,4872,999,26,1025
4872,4873,215,3,218
4873,4874,667,98,765
4874,4875,449,11,460
4875,4876,1942,37,1979
4876,4877,1273,27,1300
4877,4878,285,8,293
4878,4879,603,5,608
4879,4880,548,4,552
4880,4881,1313,54,1367
4881,4882,20,0,20
4882,4883,57,2,59
4883,4884,3959,67,4026
4884,4885,488,9,497
4885,4886,122,2,124
4886,4887,510,7,517
4887,4888,1699,23,1722
4888,4889,2499,41,2540
4889,4890,19,2,21
4890,4891,289,15,304
4891,4892,551,22,573
4892,4893,186,1,187
4893,4894,188,4,192
4894,4895,313,7,320
4895,4896,121,1,122
4896,4897,229,4,233
4897,4898,371,4,375
4898,4899,475,12,487
4899,4900,105,5,110
4900,4901,345,9,354
4901,4902,40,0,40
4902,4903,480,0,480
4903,4904,411,9,420
4904,4905,220,11,231
4905,4906,190,1,191
4906,4907,1897,47,1944
4907,4908,53,1,54
4908,4909,598,10,608
4909,4910,1405,23,1428
4910,4911,394,8,402
4911,4912,451,10,461
4912,4913,503,6,509
4913,4914,147,5,152
4914,4915,1888,53,1941
4915,4916,111,5,116
4916,4917,102,0,102
4917,4918,460,13,473
4918,4919,317,10,327
4919,4920,793,11,804
4920,4921,702,7,709
4921,4922,699,22,721
4922,4923,228,4,232
4923,4924,318,1,319
4924,4925,466,4,470
4925,4926,108,1,109
4926,4927,24,0,24
4927,4928,5226,91,5317
4928,4929,330,11,341
4929,4930,1339,19,1358
4930,4931,1105,9,1114
4931,4932,185,3,188
4932,4933,1950,26,1976
4933,4934,310,7,317
4934,4935,812,27,839
4935,4936,2824,62,2886
4936,4937,1505,25,1530
4937,4938,377,3,380
4938,4939,59,0,59
4939,4940,166,2,168
4940,4941,3506,46,3552
4941,4942,442,12,454
4942,4943,12284,251,12535
4943,4944,71,2,73
4944,4945,1051,24,1075
4945,4946,386,2,388
4946,4947,348,13,361
4947,4948,1766,57,1823
4948,4949,154,10,164
4949,4950,765,19,784
4950,4951,502,6,508
4951,4952,71,1,72
4952,4953,74545,802,75347
4953,4954,533,12,545
4954,4955,2482,35,2517
4955,4956,66,0,66
4956,4957,399,3,402
4957,4958,226,0,226
4958,4959,6344,115,6459
4959,4960,342,9,351
4960,4961,289,11,300
4961,4962,404,9,413
4962,4963,442,11,453
4963,4964,1300,11,1311
4964,4965,13846,373,14219
4965,4966,186,5,191
4966,4967,2317,35,2352
4967,4968,111,1,112
4968,4969,1685,14,1699
4969,4970,310,2,312
4970,4971,204,7,211
4971,4972,121,2,123
4972,4973,326,2,328
4973,4974,3046,56,3102
4974,4975,6061,73,6134
4975,4976,594,15,609
4976,4977,599,19,618
4977,4978,889,21,910
4978,4979,4523,68,4591
4979,4980,8634,214,8848
4980,4981,9037,314,9351
4981,4982,1112,25,1137
4982,4983,4419,115,4534
4983,4984,476,12,488
4984,4985,145,5,150
4985,4986,220,4,224
4986,4987,419,11,430
4987,4988,505,11,516
4988,4989,1473,41,1514
4989,4990,677,13,690
4990,4991,3281,59,3340
4991,4992,17741,173,17914
4992,4993,3298,43,3341
4993,4994,775,17,792
4994,4995,2537,30,2567
4995,4996,217,7,224
4996,4997,183,1,184
4997,4998,685,11,696
4998,4999,1151,19,1170
4999,5000,2268,27,2295
5000,5001,7920,74,7994
5001,5002,546,7,553
5002,5003,1358,21,1379
5003,5004,1264,26,1290
5004,5005,228,5,233
5005,5006,2544,47,2591
5006,5007,137,1,138
5007,5008,3189,103,3292
5008,5009,622,15,637
5009,5010,106,5,111
5010,5011,263,6,269
5011,5012,230,7,237
5012,5013,112,1,113
5013,5014,8254,82,8336
5014,5015,5791,111,5902
5015,5016,381,9,390
5016,5017,281,2,283
5017,5018,75,2,77
5018,5019,2418,36,2454
5019,5020,528,4,532
5020,5021,46825,1291,48116
5021,5022,632,5,637
5022,5023,30,1,31
5023,5024,3380,81,3461
5024,5025,616,13,629
5025,5026,509,5,514
5026,5027,269,2,271
5027,5028,300,1,301
5028,5029,900,22,922
5029,5030,32,2,34
5030,5031,538,7,545
5031,5032,101,0,101
5032,5033,593,9,602
5033,5034,269,4,273
5034,5035,780,11,791
5035,5036,413,15,428
5036,5037,10052,181,10233
5037,5038,3074,58,3132
5038,5039,58,0,58
5039,5040,1297,22,1319
5040,5041,7155,613,7768
5041,5042,2879,44,2923
5042,5043,4141,43,4184
5043,5044,360,4,364
5044,5045,796,14,810
5045,5046,176,2,178
5046,5047,356,9,365
5047,5048,128,0,128
5048,5049,1513,20,1533
5049,5050,3415,44,3459
5050,5051,337,5,342
5051,5052,223,10,233
5052,5053,669,15,684
5053,5054,634,10,644
5054,5055,588,11,599
5055,5056,9782,156,9938
5056,5057,4236,126,4362
5057,5058,228,1,229
5058,5059,504,12,516
5059,5060,455,10,465
5060,5061,235,6,241
5061,5062,1033,19,1052
5062,5063,1020,13,1033
5063,5064,3525,36,3561
5064,5065,6498,84,6582
5065,5066,292,4,296
5066,5067,653,9,662
5067,5068,1149,31,1180
5068,5069,748,16,764
5069,5070,3399,58,3457
5070,5071,29236,713,29949
5071,5072,34,0,34
5072,5073,2886,25,2911
5073,5074,20365,466,20831
5074,5075,9518,163,9681
5075,5076,667,15,682
5076,5077,16641,116,16757
5077,5078,15178,198,15376
5078,5079,12550,136,12686
5079,5080,643,7,650
5080,5081,5690,127,5817
5081,5082,217,5,222
5082,5083,268,4,272
5083,5084,1201,21,1222
5084,5085,1529,28,1557
5085,5086,185,4,189
5086,5087,750,24,774
5087,5088,2045,105,2150
5088,5089,1233,21,1254
5089,5090,26,0,26
5090,5091,1246,10,1256
5091,5092,715,23,738
5092,5093,292,6,298
5093,5094,104,4,108
5094,5095,100,3,103
5095,5096,417,10,427
5096,5097,17557,103,17660
5097,5098,105,1,106
5098,5099,389,6,395
5099,5100,214,5,219
5100,5101,54,1,55
5101,5102,107,0,107
5102,5103,404,6,410
5103,5104,224,7,231
5104,5105,4455,68,4523
5105,5106,41,1,42
5106,5107,493,8,501
5107,5108,940,20,960
5108,5109,70,2,72
5109,5110,467,3,470
5110,5111,127,2,129
5111,5112,644,13,657
5112,5113,178,4,182
5113,5114,925,34,959
5114,5115,106,1,107
5115,5116,228,4,232
5116,5117,59,0,59
5117,5118,507,16,523
5118,5119,2265,100,2365
5119,5120,585,17,602
5120,5121,2433,48,2481
5121,5122,383,4,387
5122,5123,129,2,131
5123,5124,6905,108,7013
5124,5125,2421,28,2449
5125,5126,106,5,111
5126,5127,1538,45,1583
5127,5128,279,4,283
5128,5129,1656,15,1671
5129,5130,200,2,202
5130,5131,409,5,414
5131,5132,398,17,415
5132,5133,517,24,541
5133,5134,14213,249,14462
5134,5135,216,3,219
5135,5136,133,2,135
5136,5137,260,2,262
5137,5138,302,3,305
5138,5139,162,1,163
5139,5140,136,2,138
5140,5141,556,20,576
5141,5142,138,3,141
5142,5143,241,3,244
5143,5144,2393,48,2441
5144,5145,491,4,495
5145,5146,434,8,442
5146,5147,59,1,60
5147,5148,10682,117,10799
5148,5149,4518,56,4574
5149,5150,375,7,382
5150,5151,1470,39,1509
5151,5152,1126,9,1135
5152,5153,696,5,701
5153,5154,28,1,29
5154,5155,120,0,120
5155,5156,138,1,139
5156,5157,490,1,491
5157,5158,114,4,118
5158,5159,4359,99,4458
5159,5160,1222,17,1239
5160,5161,53,0,53
5161,5162,1796,23,1819
5162,5163,1833,38,1871
5163,5164,1215,22,1237
5164,5165,546,10,556
5165,5166,601,43,644
5166,5167,453,8,461
5167,5168,799,22,821
5168,5169,208,5,213
5169,5170,343,3,346
5170,5171,614,12,626
5171,5172,186,2,188
5172,5173,465,10,475
5173,5174,87,2,89
5174,5175,231,9,240
5175,5176,503,9,512
5176,5177,6579,103,6682
5177,5178,1253,24,1277
5178,5179,1621,38,1659
5179,5180,575,11,586
5180,5181,1041,25,1066
5181,5182,4804,65,4869
5182,5183,22534,382,22916
5183,5184,894,32,926
5184,5185,143,6,149
5185,5186,516,7,523
5186,5187,448,7,455
5187,5188,12187,507,12694
5188,5189,131,2,133
5189,5190,115,2,117
5190,5191,293,6,299
5191,5192,207,7,214
5192,5193,815,19,834
5193,5194,542,13,555
5194,5195,14114,323,14437
5195,5196,245,2,247
5196,5197,222,12,234
5197,5198,13,0,13
5198,5199,153,4,157
5199,5200,173,7,180
5200,5201,166,4,170
5201,5202,464,15,479
5202,5203,133,6,139
5203,5204,212,5,217
5204,5205,2463,27,2490
5205,5206,1454,19,1473
5206,5207,78,2,80
5207,5208,121,4,125
5208,5209,113,2,115
5209,5210,142,1,143
5210,5211,42,0,42
5211,5212,349,6,355
5212,5213,330,4,334
5213,5214,69,1,70
5214,5215,324,0,324
5215,5216,247,6,253
5216,5217,341,8,349
5217,5218,74,1,75
5218,5219,387,9,396
5219,5220,1672,87,1759
5220,5221,163,2,165
5221,5222,401,5,406
5222,5223,3194,35,3229
5223,5224,1370,20,1390
5224,5225,358,17,375
5225,5226,1650,31,1681
5226,5227,40,1,41
5227,5228,159,2,161
5228,5229,42079,1470,43549
5229,5230,2391,19,2410
5230,5231,6294,103,6397
5231,5232,108,3,111
5232,5233,44,0,44
5233,5234,353,6,359
5234,5235,235,4,239
5235,5236,52,1,53
5236,5237,1006,24,1030
5237,5238,63,1,64
5238,5239,22,0,22
5239,5240,52,2,54
5240,5241,624,25,649
5241,5242,672,10,682
5242,5243,1037,23,1060
5243,5244,234,1,235
5244,5245,36,0,36
5245,5246,106,2,108
5246,5247,188,3,191
5247,5248,543,4,547
5248,5249,805,8,813
5249,5250,780,15,795
5250,5251,92,4,96
5251,5252,682,14,696
5252,5253,2628,34,2662
5253,5254,97,5,102
5254,5255,896,7,903
5255,5256,257,1,258
5256,5257,396,10,406
5257,5258,598,18,616
5258,5259,261,4,265
5259,5260,34,0,34
5260,5261,280,6,286
5261,5262,2744,15,2759
5262,5263,337,8,345
5263,5264,6920,202,7122
5264,5265,9949,67,10016
5265,5266,206,3,209
5266,5267,1109,19,1128
5267,5268,18,2,20
5268,5269,603,11,614
5269,5270,1117,15,1132
5270,5271,14121,140,14261
5271,5272,2621,25,2646
5272,5273,860,24,884
5273,5274,850,22,872
5274,5275,144,3,147
5275,5276,219,4,223
5276,5277,452,10,462
5277,5278,2495,144,2639
5278,5279,332,5,337
5279,5280,2372,25,2397
5280,5281,4914,99,5013
5281,5282,774,7,781
5282,5283,443,7,450
5283,5284,178,3,181
5284,5285,799,17,816
5285,5286,1621,30,1651
5286,5287,8,0,8
5287,5288,52,0,52
5288,5289,397,8,405
5289,5290,429,16,445
5290,5291,359,11,370
5291,5292,1493,37,1530
5292,5293,567,15,582
5293,5294,190,8,198
5294,5295,469,10,479
5295,5296,347,7,354
5296,5297,6808,202,7010
5297,5298,96,3,99
5298,5299,24,0,24
5299,5300,402,5,407
5300,5301,788,18,806
5301,5302,601,12,613
5302,5303,619,10,629
5303,5304,152,1,153
5304,5305,298,3,301
5305,5306,47,0,47
5306,5307,878,19,897
5307,5308,215,0,215
5308,5309,525,4,529
5309,5310,154,3,157
5310,5311,1640,39,1679
5311,5312,169,4,173
5312,5313,1594,27,1621
5313,5314,2538,47,2585
5314,5315,1003,23,1026
5315,5316,417,4,421
5316,5317,436,14,450
5317,5318,26236,412,26648
5318,5319,7586,86,7672
5319,5320,1532,58,1590
5320,5321,954,39,993
5321,5322,162,2,164
5322,5323,4308,112,4420
5323,5324,906,13,919
5324,5325,2198,15,2213
5325,5326,268,2,270
5326,5327,854,29,883
5327,5328,104,1,105
5328,5329,449,6,455
5329,5330,15,0,15
5330,5331,65493,385,65878
5331,5332,123,0,123
5332,5333,2445,31,2476
5333,5334,1473,28,1501
5334,5335,555,22,577
5335,5336,710,17,727
5336,5337,280,9,289
5337,5338,294,7,301
5338,5339,86,0,86
5339,5340,236,1,237
5340,5341,93,1,94
5341,5342,233,3,236
5342,5343,57,2,59
5343,5344,84,3,87
5344,5345,54,1,55
5345,5346,17,4,21
5346,5347,409,5,414
5347,5348,1654,36,1690
5348,5349,225,3,228
5349,5350,70,1,71
5350,5351,37,6,43
5351,5352,31,1,32
5352,5353,56,3,59
5353,5354,64,1,65
5354,5355,323,5,328
5355,5356,72,2,74
5356,5357,116,2,118
5357,5358,204,3,207
5358,5359,99,4,103
5359,5360,608,11,619
5360,5361,60,3,63
5361,5362,163,4,167
5362,5363,83,0,83
5363,5364,1192,21,1213
5364,5365,215,3,218
5365,5366,238,7,245
5366,5367,1652,50,1702
5367,5368,412,9,421
5368,5369,5060,94,5154
5369,5370,450,13,463
5370,5371,4799,72,4871
5371,5372,1115,32,1147
5372,5373,2019,32,2051
5373,5374,1172,26,1198
5374,5375,724,22,746
5375,5376,548,11,559
5376,5377,645,21,666
5377,5378,255,13,268
5378,5379,329,5,334
5379,5380,285,3,288
5380,5381,174,3,177
5381,5382,933,12,945
5382,5383,1351,17,1368
5383,5384,565,6,571
5384,5385,27,1,28
5385,5386,76,0,76
5386,5387,94,1,95
5387,5388,255,2,257
5388,5389,3907,57,3964
5389,5390,1677,31,1708
5390,5391,490,19,509
5391,5392,784,17,801
5392,5393,388,3,391
5393,5394,84,0,84
5394,5395,1704,24,1728
5395,5396,228,3,231
5396,5397,398,4,402
5397,5398,60,3,63
5398,5399,102,1,103
5399,5400,174,5,179
5400,5401,501,13,514
5401,5402,132,3,135
5402,5403,1715,34,1749
5403,5404,205,2,207
5404,5405,192,0,192
5405,5406,407,7,414
5406,5407,25496,227,25723
5407,5408,1737,29,1766
5408,5409,319,6,325
5409,5410,175,6,181
5410,5411,56,1,57
5411,5412,461,14,475
5412,5413,189,1,190
5413,5414,381,7,388
5414,5415,2419,53,2472
5415,5416,416,4,420
5416,5417,1345,16,1361
5417,5418,696,11,707
5418,5419,1138,22,1160
5419,5420,1491,24,1515
5420,5421,1235,20,1255
5421,5422,1713,25,1738
5422,5423,775,15,790
5423,5424,1215,26,1241
5424,5425,709,5,714
5425,5426,65911,518,66429
5426,5427,972,24,996
5427,5428,85,7,92
5428,5429,534,5,539
5429,5430,714,48,762
5430,5431,264,5,269
5431,5432,1036,19,1055
5432,5433,1004,16,1020
5433,5434,866,16,882
5434,5435,4764,73,4837
5435,5436,62,2,64
5436,5437,143,4,147
5437,5438,11476,208,11684
5438,5439,138,4,142
5439,5440,309,9,318
5440,5441,1559,38,1597
5441,5442,1438,25,1463
5442,5443,327,8,335
5443,5444,1055,17,1072
5444,5445,57,3,60
5445,5446,89,1,90
5446,5447,237,2,239
5447,5448,295,3,298
5448,5449,450,10,460
5449,5450,337,6,343
5450,5451,3337,165,3502
5451,5452,63,0,63
5452,5453,116,3,119
5453,5454,236,5,241
5454,5455,2560,50,2610
5455,5456,89,0,89
5456,5457,141,2,143
5457,5458,211,10,221
5458,5459,1503,39,1542
5459,5460,1233,22,1255
5460,5461,562,12,574
5461,5462,2199,26,2225
5462,5463,199,4,203
5463,5464,661,16,677
5464,5465,209,4,213
5465,5466,392,11,403
5466,5467,148,1,149
5467,5468,422,13,435
5468,5469,1338,27,1365
5469,5470,190,2,192
5470,5471,155,0,155
5471,5472,104,4,108
5472,5473,2336,49,2385
5473,5474,413,8,421
5474,5475,428,10,438
5475,5476,459,11,470
5476,5477,326,10,336
5477,5478,617,7,624
5478,5479,3113,70,3183
5479,5480,764,20,784
5480,5481,10833,145,10978
5481,5482,17082,534,17616
5482,5483,214,4,218
5483,5484,4808,117,4925
5484,5485,107,5,112
5485,5486,17053,276,17329
5486,5487,469,16,485
5487,5488,1770,24,1794
5488,5489,61,1,62
5489,5490,718,10,728
5490,5491,1368,26,1394
5491,5492,6364,131,6495
5492,5493,4729,109,4838
5493,5494,125,1,126
5494,5495,426,13,439
5495,5496,691,11,702
5496,5497,3194,62,3256
5497,5498,1000,25,1025
5498,5499,296,12,308
5499,5500,210,9,219
5500,5501,1568,32,1600
5501,5502,4224,93,4317
5502,5503,155,4,159
5503,5504,6814,179,6993
5504,5505,2205,39,2244
5505,5506,887,25,912
5506,5507,1153,12,1165
5507,5508,591,16,607
5508,5509,1200,16,1216
5509,5510,547,19,566
5510,5511,751,8,759
5511,5512,2763,38,2801
5512,5513,51,2,53
5513,5514,365,7,372
5514,5515,432,14,446
5515,5516,511,7,518
5516,5517,120,2,122
5517,5518,2464,68,2532
5518,5519,332,8,340
5519,5520,511,10,521
5520,5521,1020,19,1039
5521,5522,617,12,629
5522,5523,496,17,513
5523,5524,5528,80,5608
5524,5525,678,9,687
5525,5526,83,2,85
5526,5527,524,8,532
5527,5528,276,4,280
5528,5529,1086,14,1100
5529,5530,1257,23,1280
5530,5531,1155,34,1189
5531,5532,2674,79,2753
5532,5533,1610,33,1643
5533,5534,166,5,171
5534,5535,531,11,542
5535,5536,112,1,113
5536,5537,889,25,914
5537,5538,2074,32,2106
5538,5539,1479,118,1597
5539,5540,679,11,690
5540,5541,420,7,427
5541,5542,242,11,253
5542,5543,1883,24,1907
5543,5544,759,28,787
5544,5545,3881,110,3991
5545,5546,864,12,876
5546,5547,336,3,339
5547,5548,564,19,583
5548,5549,201,5,206
5549,5550,1132,12,1144
5550,5551,439,9,448
5551,5552,592,23,615
5552,5553,709,14,723
5553,5554,312,6,318
5554,5555,1776,31,1807
5555,5556,2589,35,2624
5556,5557,970,19,989
5557,5558,105,2,107
5558,5559,58,1,59
5559,5560,843,13,856
5560,5561,257,1,258
5561,5562,709,15,724
5562,5563,685,10,695
5563,5564,560,17,577
5564,5565,83,2,85
5565,5566,1382,31,1413
5566,5567,336,7,343
5567,5568,127,2,129
5568,5569,125,3,128
5569,5570,1312,26,1338
5570,5571,145,6,151
5571,5572,1288,15,1303
5572,5573,2826,19,2845
5573,5574,2429,42,2471
5574,5575,418,8,426
5575,5576,797,19,816
5576,5577,21322,773,22095
5577,5578,45,2,47
5578,5579,444,7,451
5579,5580,1227,14,1241
5580,5581,196,3,199
5581,5582,5609,273,5882
5582,5583,433,10,443
5583,5584,1557,33,1590
5584,5585,333,8,341
5585,5586,544,13,557
5586,5587,1526,133,1659
5587,5588,755,54,809
5588,5589,454,5,459
5589,5590,627,11,638
5590,5591,1026,28,1054
5591,5592,175,4,179
5592,5593,45056,1521,46577
5593,5594,6518,175,6693
5594,5595,404,8,412
5595,5596,55,1,56
5596,5597,183,0,183
5597,5598,470,8,478
5598,5599,190,2,192
5599,5600,362,12,374
5600,5601,727,15,742
5601,5602,466,9,475
5602,5603,1697,38,1735
5603,5604,17276,573,17849
5604,5605,487,9,496
5605,5606,129,3,132
5606,5607,908,28,936
5607,5608,1133,12,1145
5608,5609,1042,172,1214
5609,5610,527,11,538
5610,5611,22,0,22
5611,5612,1786,26,1812
5612,5613,392,4,396
5613,5614,397,12,409
5614,5615,96,0,96
5615,5616,1388,15,1403
5616,5617,124,0,124
5617,5618,513,4,517
5618,5619,396,10,406
5619,5620,464,63,527
5620,5621,424,10,434
5621,5622,1036,20,1056
5622,5623,1093,29,1122
5623,5624,706,9,715
5624,5625,10147,133,10280
5625,5626,1390,31,1421
5626,5627,293,7,300
5627,5628,321,5,326
5628,5629,80,1,81
5629,5630,952,14,966
5630,5631,149,2,151
5631,5632,423,4,427
5632,5633,868,12,880
5633,5634,941,16,957
5634,5635,81,4,85
5635,5636,241,3,244
5636,5637,172,6,178
5637,5638,791,9,800
5638,5639,876,5,881
5639,5640,194,2,196
5640,5641,357,12,369
5641,5642,313,4,317
5642,5643,833,12,845
5643,5644,928,25,953
5644,5645,1182,28,1210
5645,5646,5587,141,5728
5646,5647,1250,25,1275
5647,5648,412,11,423
5648,5649,11880,262,12142
5649,5650,147,8,155
5650,5651,325,10,335
5651,5652,49,1,50
5652,5653,836,23,859
5653,5654,618,5,623
5654,5655,301,6,307
5655,5656,182,1,183
5656,5657,58917,1561,60478
5657,5658,1791,37,1828
5658,5659,694,10,704
5659,5660,430,6,436
5660,5661,142,3,145
5661,5662,386,6,392
5662,5663,242,9,251
5663,5664,1521,54,1575
5664,5665,1335,51,1386
5665,5666,151,3,154
5666,5667,163,7,170
5667,5668,8640,386,9026
5668,5669,372,7,379
5669,5670,273,2,275
5670,5671,798,10,808
5671,5672,587,20,607
5672,5673,103,0,103
5673,5674,952,17,969
5674,5675,507,8,515
5675,5676,63,0,63
5676,5677,46,1,47
5677,5678,33,1,34
5678,5679,99,1,100
5679,5680,518,24,542
5680,5681,27,0,27
5681,5682,3172,32,3204
5682,5683,527,8,535
5683,5684,789,14,803
5684,5685,227,7,234
5685,5686,155,5,160
5686,5687,566,8,574
5687,5688,193,2,195
5688,5689,471,10,481
5689,5690,151,2,153
5690,5691,581,20,601
5691,5692,878,9,887
5692,5693,244,3,247
5693,5694,5748,48,5796
5694,5695,811,31,842
5695,5696,354,10,364
5696,5697,123,5,128
5697,5698,5018,42,5060
5698,5699,6353,149,6502
5699,5700,311,8,319
5700,5701,702,8,710
5701,5702,469,8,477
5702,5703,1200,30,1230
5703,5704,8014,407,8421
5704,5705,678,8,686
5705,5706,26,0,26
5706,5707,565,22,587
5707,5708,97,0,97
5708,5709,3756,68,3824
5709,5710,995,20,1015
5710,5711,197,4,201
5711,5712,1783,16,1799
5712,5713,45,2,47
5713,5714,1111,31,1142
5714,5715,122,2,124
5715,5716,188,1,189
5716,5717,196,1,197
5717,5718,170,4,174
5718,5719,2965,90,3055
5719,5720,306,3,309
5720,5721,205,4,209
5721,5722,2867,56,2923
5722,5723,1734,39,1773
5723,5724,727,8,735
5724,5725,1935,44,1979
5725,5726,438,7,445
5726,5727,408,6,414
5727,5728,643,14,657
5728,5729,187,2,189
5729,5730,597,8,605
5730,5731,224,5,229
5731,5732,815,13,828
5732,5733,162,4,166
5733,5734,1405,22,1427
5734,5735,281,7,288
5735,5736,1490,15,1505
5736,5737,878,16,894
5737,5738,332,5,337
5738,5739,1336,24,1360
5739,5740,96,6,102
5740,5741,2588,56,2644
5741,5742,735,21,756
5742,5743,293,7,300
5743,5744,505,21,526
5744,5745,279,4,283
5745,5746,3715,109,3824
5746,5747,284,10,294
5747,5748,1436,23,1459
5748,5749,920,40,960
5749,5750,319,8,327
5750,5751,123,4,127
5751,5752,54,2,56
5752,5753,6671,65,6736
5753,5754,41,1,42
5754,5755,264,7,271
5755,5756,75,1,76
5756,5757,1573,25,1598
5757,5758,1961,36,1997
5758,5759,618,15,633
5759,5760,278,5,283
5760,5761,422,13,435
5761,5762,113,2,115
5762,5763,110,2,112
5763,5764,76990,344,77334
5764,5765,829,8,837
5765,5766,137,2,139
5766,5767,512,7,519
5767,5768,616,10,626
5768,5769,2778,18,2796
5769,5770,155,0,155
5770,5771,723,11,734
5771,5772,223,3,226
5772,5773,325,7,332
5773,5774,39,1,40
5774,5775,1633,32,1665
5775,5776,246,6,252
5776,5777,787,11,798
5777,5778,491,9,500
5778,5779,370,6,376
5779,5780,121,1,122
5780,5781,352,5,357
5781,5782,453,3,456
5782,5783,530,9,539
5783,5784,327,2,329
5784,5785,136,3,139
5785,5786,96,0,96
5786,5787,79,8,87
5787,5788,62,0,62
5788,5789,91,0,91
5789,5790,35,1,36
5790,5791,328,6,334
5791,5792,72,3,75
5792,5793,688,3,691
5793,5794,413,0,413
5794,5795,102,3,105
5795,5796,295,2,297
5796,5797,282,8,290
5797,5798,25654,154,25808
5798,5799,1030,25,1055
5799,5800,1571,92,1663
5800,5801,669,11,680
5801,5802,249,6,255
5802,5803,892,22,914
5803,5804,343,1,344
5804,5805,737,14,751
5805,5806,848,20,868
5806,5807,1864,31,1895
5807,5808,92,1,93
5808,5809,1442,33,1475
5809,5810,325,10,335
5810,5811,761,15,776
5811,5812,250,3,253
5812,5813,297,7,304
5813,5814,600,6,606
5814,5815,271,6,277
5815,5816,407,5,412
5816,5817,659,23,682
5817,5818,1467,33,1500
5818,5819,436,18,454
5819,5820,176,9,185
5820,5821,2726,42,2768
5821,5822,927,27,954
5822,5823,628,14,642
5823,5824,535,7,542
5824,5825,213,4,217
5825,5826,119,7,126
5826,5827,3525,47,3572
5827,5828,4378,82,4460
5828,5829,1045,23,1068
5829,5830,197,6,203
5830,5831,228,4,232
5831,5832,677,6,683
5832,5833,523,3,526
5833,5834,1479,30,1509
5834,5835,927,17,944
5835,5836,222,2,224
5836,5837,300,11,311
5837,5838,1349,11,1360
5838,5839,654,21,675
5839,5840,6209,198,6407
5840,5841,165,4,169
5841,5842,3587,83,3670
5842,5843,63,3,66
5843,5844,816,16,832
5844,5845,129,2,131
5845,5846,1703,36,1739
5846,5847,1084,33,1117
5847,5848,40,0,40
5848,5849,122,2,124
5849,5850,895,18,913
5850,5851,1574,22,1596
5851,5852,483,8,491
5852,5853,2159,43,2202
5853,5854,625,13,638
5854,5855,1102,25,1127
5855,5856,1012,23,1035
5856,5857,3991,51,4042
5857,5858,694,10,704
5858,5859,10426,73,10499
5859,5860,47,3,50
5860,5861,1292,20,1312
5861,5862,242,3,245
5862,5863,205,2,207
5863,5864,1152,19,1171
5864,5865,841,19,860
5865,5866,10278,191,10469
5866,5867,195,3,198
5867,5868,189,5,194
5868,5869,98,7,105
5869,5870,110,6,116
5870,5871,360,6,366
5871,5872,428,13,441
5872,5873,347,3,350
5873,5874,10950,228,11178
5874,5875,8394,471,8865
5875,5876,3197,95,3292
5876,5877,226,5,231
5877,5878,398,10,408
5878,5879,606,15,621
5879,5880,617,7,624
5880,5881,1259,17,1276
5881,5882,5453,130,5583
5882,5883,147,1,148
5883,5884,1135,18,1153
5884,5885,254,9,263
5885,5886,453,7,460
5886,5887,115,3,118
5887,5888,1038,10,1048
5888,5889,544,12,556
5889,5890,165,1,166
5890,5891,2986,107,3093
5891,5892,1119,7,1126
5892,5893,135,1,136
5893,5894,237,6,243
5894,5895,931,35,966
5895,5896,51,1,52
5896,5897,184,4,188
5897,5898,300,4,304
5898,5899,113,1,114
5899,5900,245,4,249
5900,5901,581,4,585
5901,5902,604,9,613
5902,5903,525,7,532
5903,5904,255,16,271
5904,5905,253,2,255
5905,5906,1335,25,1360
5906,5907,219,9,228
5907,5908,4355,67,4422
5908,5909,8846,173,9019
5909,5910,92,5,97
5910,5911,2102,18,2120
5911,5912,505,8,513
5912,5913,767,20,787
5913,5914,1969,45,2014
5914,5915,1918,46,1964
5915,5916,222,3,225
5916,5917,250,4,254
5917,5918,901,15,916
5918,5919,254,3,257
5919,5920,5170,146,5316
5920,5921,1789,26,1815
5921,5922,1122,22,1144
5922,5923,1854,47,1901
5923,5924,318,8,326
5924,5925,464,6,470
5925,5926,289,6,295
5926,5927,139,3,142
5927,5928,205,2,207
5928,5929,60,1,61
5929,5930,298,8,306
5930,5931,203,0,203
5931,5932,359,7,366
5932,5933,784,16,800
5933,5934,55,3,58
5934,5935,600,10,610
5935,5936,27,0,27
5936,5937,489,5,494
5937,5938,1248,68,1316
5938,5939,281,5,286
5939,5940,1306,31,1337
5940,5941,1023,21,1044
5941,5942,29882,204,30086
5942,5943,293,8,301
5943,5944,450,15,465
5944,5945,452,8,460
5945,5946,87,3,90
5946,5947,704,67,771
5947,5948,235,7,242
5948,5949,1311,20,1331
5949,5950,204,2,206
5950,5951,37,1,38
5951,5952,282,10,292
5952,5953,250,6,256
5953,5954,1734,22,1756
5954,5955,249,9,258
5955,5956,46436,1090,47526
5956,5957,321,3,324
5957,5958,3695,94,3789
5958,5959,246,3,249
5959,5960,672,21,693
5960,5961,2585,42,2627
5961,5962,269,7,276
5962,5963,1030,17,1047
5963,5964,87,2,89
5964,5965,299,1,300
5965,5966,1654,26,1680
5966,5967,34,1,35
5967,5968,7,0,7
5968,5969,328,8,336
5969,5970,153,6,159
5970,5971,2979,74,3053
5971,5972,887,22,909
5972,5973,489,9,498
5973,5974,191,3,194
5974,5975,387,9,396
5975,5976,587,8,595
5976,5977,36,0,36
5977,5978,350,14,364
5978,5979,1019,28,1047
5979,5980,1130,23,1153
5980,5981,340,6,346
5981,5982,913,18,931
5982,5983,206,3,209
5983,5984,476,8,484
5984,5985,190,7,197
5985,5986,7742,297,8039
5986,5987,501,16,517
5987,5988,39,0,39
5988,5989,73,0,73
5989,5990,903,27,930
5990,5991,1354,16,1370
5991,5992,4815,71,4886
5992,5993,264,8,272
5993,5994,524,19,543
5994,5995,1407,26,1433
5995,5996,2888,438,3326
5996,5997,935,14,949
5997,5998,306,5,311
5998,5999,21,2,23
5999,6000,1500,38,1538
6000,6001,634,14,648
6001,6002,2741,50,2791
6002,6003,69,4,73
6003,6004,334,3,337
6004,6005,216,3,219
6005,6006,331,10,341
6006,6007,346,1,347
6007,6008,140,4,144
6008,6009,619,9,628
6009,6010,254,9,263
6010,6011,230,9,239
6011,6012,351,17,368
6012,6013,2046,17,2063
6013,6014,613,16,629
6014,6015,711,9,720
6015,6016,38534,1164,39698
6016,6017,8157,134,8291
6017,6018,2543,56,2599
6018,6019,364,6,370
6019,6020,299,2,301
6020,6021,160,4,164
6021,6022,356,9,365
6022,6023,10102,84,10186
6023,6024,1428,26,1454
6024,6025,178,2,180
6025,6026,387,6,393
6026,6027,53,1,54
6027,6028,735,20,755
6028,6029,122,1,123
6029,6030,1598,28,1626
6030,6031,868,23,891
6031,6032,806,15,821
6032,6033,79,2,81
6033,6034,300,11,311
6034,6035,111,3,114
6035,6036,156,2,158
6036,6037,68,2,70
6037,6038,1123,28,1151
6038,6039,327,8,335
6039,6040,6308,57,6365
6040,6041,168,5,173
6041,6042,2791,65,2856
6042,6043,890,14,904
6043,6044,1028,20,1048
6044,6045,703,11,714
6045,6046,4692,51,4743
6046,6047,3083,272,3355
6047,6048,864,17,881
6048,6049,87,5,92
6049,6050,81,3,84
6050,6051,352,2,354
6051,6052,215,8,223
6052,6053,124,3,127
6053,6054,142,2,144
6054,6055,1039,35,1074
6055,6056,10638,152,10790
6056,6057,300,9,309
6057,6058,225,5,230
6058,6059,574,23,597
6059,6060,261,2,263
6060,6061,565,10,575
6061,6062,247,7,254
6062,6063,1105,38,1143
6063,6064,239,5,244
6064,6065,77,0,77
6065,6066,743,20,763
6066,6067,123,4,127
6067,6068,43,0,43
6068,6069,900,35,935
6069,6070,137,5,142
6070,6071,223,8,231
6071,6072,249,1,250
6072,6073,140,3,143
6073,6074,109,6,115
6074,6075,99,2,101
6075,6076,49,2,51
6076,6077,215,6,221
6077,6078,69,0,69
6078,6079,279,6,285
6079,6080,30153,501,30654
6080,6081,179,5,184
6081,6082,2480,159,2639
6082,6083,5934,136,6070
6083,6084,502,13,515
6084,6085,86,2,88
6085,6086,232,2,234
6086,6087,2469,33,2502
6087,6088,3554,28,3582
6088,6089,88,1,89
6089,6090,61,1,62
6090,6091,941,17,958
6091,6092,316,13,329
6092,6093,345,9,354
6093,6094,41,6,47
6094,6095,49,0,49
6095,6096,729,17,746
6096,6097,841,11,852
6097,6098,292,11,303
6098,6099,118,4,122
6099,6100,1670,27,1697
6100,6101,188,0,188
6101,6102,141,4,145
6102,6103,252,9,261
6103,6104,3703,69,3772
6104,6105,43,1,44
6105,6106,128,0,128
6106,6107,137,0,137
6107,6108,411,10,421
6108,6109,275,6,281
6109,6110,189,7,196
6110,6111,1023,17,1040
6111,6112,1072,22,1094
6112,6113,476,7,483
6113,6114,16,0,16
6114,6115,1503,23,1526
6115,6116,67,2,69
6116,6117,307,1,308
6117,6118,2026,22,2048
6118,6119,195,4,199
6119,6120,209,5,214
6120,6121,179,5,184
6121,6122,99,1,100
6122,6123,163,4,167
6123,6124,190,2,192
6124,6125,472,15,487
6125,6126,3339,26,3365
6126,6127,6895,106,7001
6127,6128,103,2,105
6128,6129,50,2,52
6129,6130,497,11,508
6130,6131,47,1,48
6131,6132,3340,42,3382
6132,6133,116,1,117
6133,6134,79,5,84
6134,6135,229,6,235
6135,6136,124,4,128
6136,6137,1077,10,1087
6137,6138,1073,15,1088
6138,6139,3241,54,3295
6139,6140,160,4,164
6140,6141,901,25,926
6141,6142,90,0,90
6142,6143,226,7,233
6143,6144,390,2,392
6144,6145,77,2,79
6145,6146,1211,17,1228
6146,6147,11653,419,12072
6147,6148,7083,206,7289
6148,6149,1699,18,1717
6149,6150,1170,33,1203
6150,6151,218,3,221
6151,6152,106,1,107
6152,6153,218,5,223
6153,6154,1575,24,1599
6154,6155,590,7,597
6155,6156,582,15,597
6156,6157,42,0,42
6157,6158,226,7,233
6158,6159,237,7,244
6159,6160,7062,114,7176
6160,6161,226,4,230
6161,6162,808,19,827
6162,6163,367,6,373
6163,6164,124,6,130
6164,6165,33,1,34
6165,6166,444,20,464
6166,6167,299,5,304
6167,6168,2930,46,2976
6168,6169,483,8,491
6169,6170,70,2,72
6170,6171,327,3,330
6171,6172,396,14,410
6172,6173,480,10,490
6173,6174,122,6,128
6174,6175,164,4,168
6175,6176,415,12,427
6176,6177,4268,82,4350
6177,6178,3552,101,3653
6178,6179,834,17,851
6179,6180,50,1,51
6180,6181,143,3,146
6181,6182,141,3,144
6182,6183,2897,50,2947
6183,6184,588,12,600
6184,6185,268,6,274
6185,6186,253,2,255
6186,6187,228,4,232
6187,6188,162,6,168
6188,6189,344,4,348
6189,6190,761,12,773
6190,6191,708,10,718
6191,6192,2683,168,2851
6192,6193,4869,64,4933
6193,6194,494,8,502
6194,6195,549,5,554
6195,6196,1367,22,1389
6196,6197,1767,76,1843
6197,6198,133,1,134
6198,6199,177,3,180
6199,6200,258,4,262
6200,6201,1034,30,1064
6201,6202,829,16,845
6202,6203,1739,10,1749
6203,6204,598,16,614
6204,6205,20771,310,21081
6205,6206,271,9,280
6206,6207,206,3,209
6207,6208,333,11,344
6208,6209,133,7,140
6209,6210,248,3,251
6210,6211,227,8,235
6211,6212,207,11,218
6212,6213,4132,113,4245
6213,6214,150,3,153
6214,6215,125,2,127
6215,6216,31,1,32
6216,6217,45,3,48
6217,6218,258,6,264
6218,6219,5423,99,5522
6219,6220,492,12,504
6220,6221,57,2,59
6221,6222,1159,36,1195
6222,6223,1566,57,1623
6223,6224,143,3,146
6224,6225,120,1,121
6225,6226,1053,28,1081
6226,6227,184,4,188
6227,6228,2457,113,2570
6228,6229,46,2,48
6229,6230,974,12,986
6230,6231,994,21,1015
6231,6232,131,4,135
6232,6233,557,15,572
6233,6234,1816,21,1837
6234,6235,177,7,184
6235,6236,204,2,206
6236,6237,1120,8,1128
6237,6238,249,5,254
6238,6239,211,4,215
6239,6240,113,2,115
6240,6241,55154,294,55448
6241,6242,347,11,358
6242,6243,2021,39,2060
6243,6244,1381,32,1413
6244,6245,37,1,38
6245,6246,186,7,193
6246,6247,86,1,87
6247,6248,140,8,148
6248,6249,906,26,932
6249,6250,20828,604,21432
6250,6251,729,10,739
6251,6252,230,8,238
6252,6253,343,10,353
6253,6254,74,4,78
6254,6255,397,9,406
6255,6256,604,10,614
6256,6257,812,14,826
6257,6258,210,4,214
6258,6259,993,26,1019
6259,6260,772,12,784
6260,6261,598,13,611
6261,6262,209,4,213
6262,6263,225,6,231
6263,6264,373,4,377
6264,6265,693,17,710
6265,6266,506,11,517
6266,6267,319,7,326
6267,6268,454,9,463
6268,6269,490,8,498
6269,6270,320,2,322
6270,6271,225,6,231
6271,6272,221,1,222
6272,6273,105,4,109
6273,6274,342,8,350
6274,6275,1236,24,1260
6275,6276,631,19,650
6276,6277,107,2,109
6277,6278,433,8,441
6278,6279,305,3,308
6279,6280,18039,114,18153
6280,6281,83,3,86
6281,6282,1640,26,1666
6282,6283,130,4,134
6283,6284,351,5,356
6284,6285,312,8,320
6285,6286,2792,35,2827
6286,6287,426,7,433
6287,6288,2356,38,2394
6288,6289,14025,191,14216
6289,6290,203,7,210
6290,6291,635,10,645
6291,6292,455,3,458
6292,6293,157,2,159
6293,6294,156,1,157
6294,6295,2226,30,2256
6295,6296,440,13,453
6296,6297,331,1,332
6297,6298,78549,2363,80912
6298,6299,569,15,584
6299,6300,1841,49,1890
6300,6301,1263,35,1298
6301,6302,95,1,96
6302,6303,106,2,108
6303,6304,1092,22,1114
6304,6305,2731,80,2811
6305,6306,250,4,254
6306,6307,554,12,566
6307,6308,528,11,539
6308,6309,418,3,421
6309,6310,2299,100,2399
6310,6311,1960,42,2002
6311,6312,161,4,165
6312,6313,82,1,83
6313,6314,322,9,331
6314,6315,159,0,159
6315,6316,577,10,587
6316,6317,221,6,227
6317,6318,6304,54,6358
6318,6319,519,14,533
6319,6320,123,4,127
6320,6321,87,2,89
6321,6322,656,15,671
6322,6323,584,23,607
6323,6324,60,5,65
6324,6325,2325,57,2382
6325,6326,160,5,165
6326,6327,4290,75,4365
6327,6328,202,6,208
6328,6329,1090,108,1198
6329,6330,40,0,40
6330,6331,1590,28,1618
6331,6332,138,7,145
6332,6333,117,3,120
6333,6334,618,10,628
6334,6335,662,12,674
6335,6336,923,39,962
6336,6337,455,7,462
6337,6338,36,0,36
6338,6339,133,5,138
6339,6340,291,3,294
6340,6341,281,6,287
6341,6342,11123,210,11333
6342,6343,378,5,383
6343,6344,152,7,159
6344,6345,1297,21,1318
6345,6346,1463,36,1499
6346,6347,2658,39,2697
6347,6348,19988,69,20057
6348,6349,382,11,393
6349,6350,582,13,595
6350,6351,816,34,850
6351,6352,45,2,47
6352,6353,251,4,255
6353,6354,129,1,130
6354,6355,185,1,186
6355,6356,351,5,356
6356,6357,5610,136,5746
6357,6358,626,7,633
6358,6359,1164,25,1189
6359,6360,122,6,128
6360,6361,34,0,34
6361,6362,961,15,976
6362,6363,132,1,133
6363,6364,1088,14,1102
6364,6365,2149,47,2196
6365,6366,3927,40,3967
6366,6367,515,17,532
6367,6368,223,2,225
6368,6369,559,9,568
6369,6370,221,5,226
6370,6371,63,3,66
6371,6372,1028,16,1044
6372,6373,823,12,835
6373,6374,168,2,170
6374,6375,132,2,134
6375,6376,209,5,214
6376,6377,484,17,501
6377,6378,174,3,177
6378,6379,306,2,308
6379,6380,1695,44,1739
6380,6381,303,13,316
6381,6382,91,0,91
6382,6383,88,5,93
6383,6384,527,13,540
6384,6385,1134,15,1149
6385,6386,423,7,430
6386,6387,952,27,979
6387,6388,147,4,151
6388,6389,540,13,553
6389,6390,171,2,173
6390,6391,221,1,222
6391,6392,295,19,314
6392,6393,2061,41,2102
6393,6394,138,5,143
6394,6395,19822,128,19950
6395,6396,627,25,652
6396,6397,100,4,104
6397,6398,1411,32,1443
6398,6399,1394,21,1415
6399,6400,8104,318,8422
6400,6401,167,2,169
6401,6402,767,14,781
6402,6403,292,12,304
6403,6404,399,9,408
6404,6405,128,3,131
6405,6406,2369,45,2414
6406,6407,136,3,139
6407,6408,236,3,239
6408,6409,384,9,393
6409,6410,1212,18,1230
6410,6411,915,15,930
6411,6412,312,1,313
6412,6413,102,2,104
6413,6414,1080,27,1107
6414,6415,583,14,597
6415,6416,271,7,278
6416,6417,229,6,235
6417,6418,310,9,319
6418,6419,1101,34,1135
6419,6420,186,5,191
6420,6421,345,9,354
6421,6422,215,4,219
6422,6423,316,1,317
6423,6424,304,6,310
6424,6425,518,12,530
6425,6426,350,8,358
6426,6427,523,5,528
6427,6428,846,22,868
6428,6429,2831,27,2858
6429,6430,159,4,163
6430,6431,545,26,571
6431,6432,78,4,82
6432,6433,1023,30,1053
6433,6434,49,2,51
6434,6435,1660,43,1703
6435,6436,3288,105,3393
6436,6437,1308,18,1326
6437,6438,245,1,246
6438,6439,46150,209,46359
6439,6440,54037,1942,55979
6440,6441,346,9,355
6441,6442,717,7,724
6442,6443,472,6,478
6443,6444,3015,173,3188
6444,6445,1679,51,1730
6445,6446,206,4,210
6446,6447,754,15,769
6447,6448,102,0,102
6448,6449,120,0,120
6449,6450,639,15,654
6450,6451,3061,80,3141
6451,6452,220,13,233
6452,6453,153,2,155
6453,6454,533,5,538
6454,6455,79,0,79
6455,6456,1022,31,1053
6456,6457,750,19,769
6457,6458,59,2,61
6458,6459,337,5,342
6459,6460,231,8,239
6460,6461,124,6,130
6461,6462,371,7,378
6462,6463,266,8,274
6463,6464,2085,24,2109
6464,6465,475,37,512
6465,6466,1051,27,1078
6466,6467,1215,13,1228
6467,6468,72,1,73
6468,6469,139,1,140
6469,6470,150,1,151
6470,6471,1106,22,1128
6471,6472,964,29,993
6472,6473,761,30,791
6473,6474,2260,44,2304
6474,6475,2119,50,2169
6475,6476,12688,262,12950
6476,6477,711,8,719
6477,6478,44379,1246,45625
6478,6479,188,2,190
6479,6480,1238,33,1271
6480,6481,1640,29,1669
6481,6482,529,11,540
6482,6483,941,22,963
6483,6484,239,4,243
6484,6485,43,2,45
6485,6486,228,8,236
6486,6487,5089,108,5197
6487,6488,268,5,273
6488,6489,75,1,76
6489,6490,141,7,148
6490,6491,800,13,813
6491,6492,546,10,556
6492,6493,1932,384,2316
6493,6494,2253,50,2303
6494,6495,613,10,623
6495,6496,16950,666,17616
6496,6497,1506,33,1539
6497,6498,2947,56,3003
6498,6499,1045,16,1061
6499,6500,1331,18,1349
6500,6501,2118,34,2152
6501,6502,4917,78,4995
6502,6503,286,11,297
6503,6504,2357,244,2601
6504,6505,15254,362,15616
6505,6506,3164,175,3339
6506,6507,42,3,45
6507,6508,319,17,336
6508,6509,96,0,96
6509,6510,862,10,872
6510,6511,252,2,254
6511,6512,2148,31,2179
6512,6513,1736,18,1754
6513,6514,180,1,181
6514,6515,68,1,69
6515,6516,556,9,565
6516,6517,3746,66,3812
6517,6518,358,2,360
6518,6519,7336,154,7490
6519,6520,12031,497,12528
6520,6521,477,15,492
6521,6522,13096,336,13432
6522,6523,27,0,27
6523,6524,3105,53,3158
6524,6525,10283,263,10546
6525,6526,5164,422,5586
6526,6527,1751,20,1771
6527,6528,1114,20,1134
6528,6529,3664,59,3723
6529,6530,72,2,74
6530,6531,492,20,512
6531,6532,499,15,514
6532,6533,942,8,950
6533,6534,63,0,63
6534,6535,1710,25,1735
6535,6536,30,3,33
6536,6537,102,1,103
6537,6538,3321,75,3396
6538,6539,1831,580,2411
6539,6540,527,8,535
6540,6541,263,5,268
6541,6542,3650,100,3750
6542,6543,2055,30,2085
6543,6544,2724,52,2776
6544,6545,2596,32,2628
6545,6546,1523,20,1543
6546,6547,2380,76,2456
6547,6548,324,4,328
6548,6549,17606,61,17667
6549,6550,3537,64,3601
6550,6551,1457,19,1476
6551,6552,3945,147,4092
6552,6553,8212,118,8330
6553,6554,2042,21,2063
6554,6555,74,1,75
6555,6556,16063,252,16315
6556,6557,43122,1540,44662
6557,6558,1198,34,1232
6558,6559,147,14,161
6559,6560,535,4,539
6560,6561,11,0,11
6561,6562,753,13,766
6562,6563,1579,17,1596
6563,6564,1246,42,1288
6564,6565,597,15,612
6565,6566,6239,183,6422
6566,6567,207,11,218
6567,6568,324,5,329
6568,6569,92,4,96
6569,6570,1916,193,2109
6570,6571,53,0,53
6571,6572,544,9,553
6572,6573,477,10,487
6573,6574,1708,50,1758
6574,6575,5900,93,5993
6575,6576,455,14,469
6576,6577,30,0,30
6577,6578,3916,55,3971
6578,6579,110,5,115
6579,6580,773,14,787
6580,6581,155,6,161
6581,6582,31487,799,32286
6582,6583,130,8,138
6583,6584,138,4,142
6584,6585,245,8,253
6585,6586,104,1,105
6586,6587,551,12,563
6587,6588,294,6,300
6588,6589,169,2,171
6589,6590,34021,357,34378
6590,6591,76,1,77
6591,6592,1063,11,1074
6592,6593,67,1,68
6593,6594,1702,44,1746
6594,6595,2667,51,2718
6595,6596,445,9,454
6596,6597,1095,31,1126
6597,6598,6148,143,6291
6598,6599,172,2,174
6599,6600,108,5,113
6600,6601,1874,26,1900
6601,6602,138,4,142
6602,6603,1316,45,1361
6603,6604,905,16,921
6604,6605,666,12,678
6605,6606,1675,35,1710
6606,6607,217,2,219
6607,6608,1604,58,1662
6608,6609,2023,56,2079
6609,6610,278,8,286
6610,6611,84,0,84
6611,6612,178,4,182
6612,6613,78,0,78
6613,6614,4931,203,5134
6614,6615,1691,32,1723
6615,6616,1194,44,1238
6616,6617,979,24,1003
6617,6618,2360,34,2394
6618,6619,8,0,8
6619,6620,3108,52,3160
6620,6621,638,16,654
6621,6622,223,3,226
6622,6623,125,0,125
6623,6624,112,8,120
6624,6625,5347,350,5697
6625,6626,2678,54,2732
6626,6627,84,0,84
6627,6628,2020,42,2062
6628,6629,187,1,188
6629,6630,1106,10,1116
6630,6631,35,2,37
6631,6632,1570,38,1608
6632,6633,416,8,424
6633,6634,49,0,49
6634,6635,626,21,647
6635,6636,8652,175,8827
6636,6637,560,5,565
6637,6638,166,8,174
6638,6639,712,18,730
6639,6640,942,13,955
6640,6641,545,4,549
6641,6642,570,17,587
6642,6643,395,12,407
6643,6644,543,13,556
6644,6645,343,2,345
6645,6646,559,9,568
6646,6647,755,12,767
6647,6648,1231,17,1248
6648,6649,1118,17,1135
6649,6650,356,3,359
6650,6651,1083,154,1237
6651,6652,124,4,128
6652,6653,427,6,433
6653,6654,2973,41,3014
6654,6655,159,2,161
6655,6656,135,5,140
6656,6657,312,3,315
6657,6658,291,6,297
6658,6659,291,5,296
6659,6660,20,0,20
6660,6661,323,6,329
6661,6662,472,17,489
6662,6663,1676,16,1692
6663,6664,216,7,223
6664,6665,385,8,393
6665,6666,721,14,735
6666,6667,79,1,80
6667,6668,139,2,141
6668,6669,551,11,562
6669,6670,76,0,76
6670,6671,461,10,471
6671,6672,227,7,234
6672,6673,390,15,405
6673,6674,1351,45,1396
6674,6675,73,0,73
6675,6676,39,0,39
6676,6677,519,8,527
6677,6678,810,14,824
6678,6679,218,2,220
6679,6680,133,0,133
6680,6681,6211,180,6391
6681,6682,404,5,409
6682,6683,851,13,864
6683,6684,239,7,246
6684,6685,277,8,285
6685,6686,65,1,66
6686,6687,46,0,46
6687,6688,730,12,742
6688,6689,768,28,796
6689,6690,313,5,318
6690,6691,587,14,601
6691,6692,608,12,620
6692,6693,1002,13,1015
6693,6694,374,6,380
6694,6695,461,5,466
6695,6696,5538,85,5623
6696,6697,186,8,194
6697,6698,398,10,408
6698,6699,303,8,311
6699,6700,3729,51,3780
6700,6701,1588,58,1646
6701,6702,2914,65,2979
6702,6703,188,6,194
6703,6704,447,6,453
6704,6705,96,1,97
6705,6706,2410,62,2472
6706,6707,401,6,407
6707,6708,393,11,404
6708,6709,412,8,420
6709,6710,87,2,89
6710,6711,185,10,195
6711,6712,3996,50,4046
6712,6713,371,6,377
6713,6714,145,3,148
6714,6715,193,1,194
6715,6716,121,1,122
6716,6717,1610,25,1635
6717,6718,189,1,190
6718,6719,74,1,75
6719,6720,947,24,971
6720,6721,543,13,556
6721,6722,910,25,935
6722,6723,2260,30,2290
6723,6724,14,0,14
6724,6725,1455,24,1479
6725,6726,168,4,172
6726,6727,2191,27,2218
6727,6728,2835,48,2883
6728,6729,463,5,468
6729,6730,134,3,137
6730,6731,243,8,251
6731,6732,799,15,814
6732,6733,111,1,112
6733,6734,87,1,88
6734,6735,953,9,962
6735,6736,1209,17,1226
6736,6737,1411,54,1465
6737,6738,860,22,882
6738,6739,659,14,673
6739,6740,222,5,227
6740,6741,906,15,921
6741,6742,1791,57,1848
6742,6743,203,4,207
6743,6744,1829,53,1882
6744,6745,1537,28,1565
6745,6746,123,2,125
6746,6747,332,4,336
6747,6748,31,0,31
6748,6749,469,17,486
6749,6750,179,7,186
6750,6751,54,0,54
6751,6752,133,1,134
6752,6753,311,7,318
6753,6754,110,1,111
6754,6755,4470,54,4524
6755,6756,2594,198,2792
6756,6757,155,1,156
6757,6758,818,64,882
6758,6759,361,10,371
6759,6760,361,1,362
6760,6761,535,102,637
6761,6762,606,11,617
6762,6763,2224,46,2270
6763,6764,1148,28,1176
6764,6765,1435,43,1478
6765,6766,378,4,382
6766,6767,260,7,267
6767,6768,7924,216,8140
6768,6769,407,15,422
6769,6770,213,3,216
6770,6771,52925,499,53424
6771,6772,3590,183,3773
6772,6773,176,3,179
6773,6774,180,1,181
6774,6775,665,12,677
6775,6776,531,13,544
6776,6777,5411,101,5512
6777,6778,265,8,273
6778,6779,169,4,173
6779,6780,236,8,244
6780,6781,1034,26,1060
6781,6782,342,16,358
6782,6783,499,25,524
6783,6784,4209,96,4305
6784,6785,1671,37,1708
6785,6786,1088,16,1104
6786,6787,258,8,266
6787,6788,601,8,609
6788,6789,343,7,350
6789,6790,213,4,217
6790,6791,100,1,101
6791,6792,576,83,659
6792,6793,1438,20,1458
6793,6794,862,24,886
6794,6795,720,12,732
6795,6796,1083,21,1104
6796,6797,284,6,290
6797,6798,209,5,214
6798,6799,345,9,354
6799,6800,361,4,365
6800,6801,12172,133,12305
6801,6802,908,30,938
6802,6803,181,1,182
6803,6804,667,19,686
6804,6805,2500,64,2564
6805,6806,168,3,171
6806,6807,536,6,542
6807,6808,188,2,190
6808,6809,512,12,524
6809,6810,405,12,417
6810,6811,620,7,627
6811,6812,754,35,789
6812,6813,1259,35,1294
6813,6814,911,12,923
6814,6815,147865,2731,150596
6815,6816,162,3,165
6816,6817,397,11,408
6817,6818,393,8,401
6818,6819,235,5,240
6819,6820,119,1,120
6820,6821,1453,34,1487
6821,6822,9029,161,9190
6822,6823,507,17,524
6823,6824,106,1,107
6824,6825,26,0,26
6825,6826,327,3,330
6826,6827,612,10,622
6827,6828,276,8,284
6828,6829,891,20,911
6829,6830,646,13,659
6830,6831,190,8,198
6831,6832,155,0,155
6832,6833,133,4,137
6833,6834,63089,257,63346
6834,6835,28782,92,28874
6835,6836,429,7,436
6836,6837,71,0,71
6837,6838,820,12,832
6838,6839,616,16,632
6839,6840,262,2,264
6840,6841,402,9,411
6841,6842,7435,241,7676
6842,6843,226,3,229
6843,6844,4528,114,4642
6844,6845,2080,50,2130
6845,6846,141,2,143
6846,6847,1450,33,1483
6847,6848,248,3,251
6848,6849,3374,33,3407
6849,6850,493,5,498
6850,6851,5618,124,5742
6851,6852,124,1,125
6852,6853,77,0,77
6853,6854,650,3,653
6854,6855,984,15,999
6855,6856,220,1,221
6856,6857,4929,247,5176
6857,6858,16918,405,17323
6858,6859,586,12,598
6859,6860,313,11,324
6860,6861,123,7,130
6861,6862,1377,16,1393
6862,6863,1305,15,1320
6863,6864,921,20,941
6864,6865,1145,18,1163
6865,6866,3683,115,3798
6866,6867,3298,61,3359
6867,6868,2828,90,2918
6868,6869,120,5,125
6869,6870,496,10,506
6870,6871,710,9,719
6871,6872,898,10,908
6872,6873,4924,25,4949
6873,6874,922,32,954
6874,6875,977,15,992
6875,6876,1127,23,1150
6876,6877,34,0,34
6877,6878,63,2,65
6878,6879,2061,37,2098
6879,6880,299,13,312
6880,6881,153,4,157
6881,6882,3425,67,3492
6882,6883,465,7,472
6883,6884,96,2,98
6884,6885,190,1,191
6885,6886,522,11,533
6886,6887,233,7,240
6887,6888,1401,20,1421
6888,6889,337,5,342
6889,6890,793,16,809
6890,6891,382,3,385
6891,6892,722,9,731
6892,6893,219,5,224
6893,6894,582,9,591
6894,6895,822,4,826
6895,6896,2170,142,2312
6896,6897,1114,19,1133
6897,6898,263,3,266
6898,6899,495,15,510
6899,6900,167,5,172
6900,6901,526,11,537
6901,6902,626,4,630
6902,6903,3380,42,3422
6903,6904,173,3,176
6904,6905,223,2,225
6905,6906,1087,23,1110
6906,6907,368,11,379
6907,6908,2418,38,2456
6908,6909,618,11,629
6909,6910,679,18,697
6910,6911,245,7,252
6911,6912,18670,434,19104
6912,6913,1188,9,1197
6913,6914,691,11,702
6914,6915,182,2,184
6915,6916,40,0,40
6916,6917,6359,184,6543
6917,6918,630,14,644
6918,6919,89,0,89
6919,6920,171,1,172
6920,6921,1188,34,1222
6921,6922,11311,238,11549
6922,6923,884,25,909
6923,6924,159,8,167
6924,6925,345,7,352
6925,6926,223,1,224
6926,6927,88,0,88
6927,6928,111,0,111
6928,6929,49,2,51
6929,6930,4355,31,4386
6930,6931,1035,27,1062
6931,6932,796,19,815
6932,6933,338,14,352
6933,6934,516,9,525
6934,6935,355,4,359
6935,6936,119,4,123
6936,6937,326,5,331
6937,6938,881,23,904
6938,6939,65,2,67
6939,6940,209,2,211
6940,6941,778,23,801
6941,6942,1269,22,1291
6942,6943,53,3,56
6943,6944,317,19,336
6944,6945,361,3,364
6945,6946,212,2,214
6946,6947,244,2,246
6947,6948,72,1,73
6948,6949,3113,49,3162
6949,6950,971,13,984
6950,6951,1176,24,1200
6951,6952,87,2,89
6952,6953,163,8,171
6953,6954,156,12,168
6954,6955,243,5,248
6955,6956,158,1,159
6956,6957,73,3,76
6957,6958,676,17,693
6958,6959,1617,17,1634
6959,6960,207,1,208
6960,6961,763,19,782
6961,6962,2555,44,2599
6962,6963,174,4,178
6963,6964,1065,15,1080
6964,6965,229,3,232
6965,6966,567,11,578
6966,6967,131,0,131
6967,6968,2407,28,2435
6968,6969,1874,89,1963
6969,6970,144,0,144
6970,6971,50,0,50
6971,6972,2226,46,2272
6972,6973,4315,86,4401
6973,6974,1055,13,1068
6974,6975,483,19,502
6975,6976,95,1,96
6976,6977,3948,117,4065
6977,6978,146,4,150
6978,6979,608,7,615
6979,6980,634,10,644
6980,6981,3359,43,3402
6981,6982,68682,1074,69756
6982,6983,482,5,487
6983,6984,200,4,204
6984,6985,109,3,112
6985,6986,244,7,251
6986,6987,22,0,22
6987,6988,63,1,64
6988,6989,276,4,280
6989,6990,228,6,234
6990,6991,927,70,997
6991,6992,3482,41,3523
6992,6993,1625,44,1669
6993,6994,459,13,472
6994,6995,6976,52,7028
6995,6996,86534,586,87120
6996,6997,706,22,728
6997,6998,1449,20,1469
6998,6999,266,12,278
6999,7000,1220,24,1244
7000,7001,2700,42,2742
7001,7002,310,6,316
7002,7003,318,4,322
7003,7004,572,6,578
7004,7005,657,22,679
7005,7006,329,13,342
7006,7007,484,22,506
7007,7008,159,0,159
7008,7009,207,5,212
7009,7010,482,14,496
7010,7011,878,26,904
7011,7012,89,2,91
7012,7013,550,10,560
7013,7014,1206,34,1240
7014,7015,189,4,193
7015,7016,153,1,154
7016,7017,39968,561,40529
7017,7018,156,2,158
7018,7019,274,9,283
7019,7020,76,3,79
7020,7021,262,2,264
7021,7022,556,12,568
7022,7023,2192,36,2228
7023,7024,476,9,485
7024,7025,898,28,926
7025,7026,439,10,449
7026,7027,567,20,587
7027,7028,1742,41,1783
7028,7029,635,15,650
7029,7030,542,42,584
7030,7031,153,6,159
7031,7032,166,3,169
7032,7033,154,5,159
7033,7034,269,10,279
7034,7035,529,20,549
7035,7036,326,3,329
7036,7037,123,5,128
7037,7038,616,17,633
7038,7039,738,12,750
7039,7040,785,23,808
7040,7041,695,11,706
7041,7042,494,21,515
7042,7043,63,1,64
7043,7044,2104,115,2219
7044,7045,819,8,827
7045,7046,5963,142,6105
7046,7047,611,9,620
7047,7048,449,15,464
7048,7049,221,4,225
7049,7050,1144,34,1178
7050,7051,144,1,145
7051,7052,426,11,437
7052,7053,555,6,561
7053,7054,119,5,124
7054,7055,341,16,357
7055,7056,265,7,272
7056,7057,274,6,280
7057,7058,134,1,135
7058,7059,4187,125,4312
7059,7060,2170,34,2204
7060,7061,21627,150,21777
7061,7062,303,8,311
7062,7063,12788,99,12887
7063,7064,998,26,1024
7064,7065,123,4,127
7065,7066,154,5,159
7066,7067,3005,93,3098
7067,7068,896,17,913
7068,7069,216,3,219
7069,7070,426,12,438
7070,7071,6132,189,6321
7071,7072,498,3,501
7072,7073,3605,57,3662
7073,7074,1253,28,1281
7074,7075,5386,235,5621
7075,7076,138,4,142
7076,7077,432,10,442
7077,7078,4242,85,4327
7078,7079,3653,63,3716
7079,7080,128,3,131
7080,7081,166,4,170
7081,7082,815,2,817
7082,7083,1376,46,1422
7083,7084,522,26,548
7084,7085,206,6,212
7085,7086,40615,1028,41643
7086,7087,334,7,341
7087,7088,1854,16,1870
7088,7089,232,7,239
7089,7090,1756,31,1787
7090,7091,625,19,644
7091,7092,328,5,333
7092,7093,36,2,38
7093,7094,170,0,170
7094,7095,132,1,133
7095,7096,60,3,63
7096,7097,1145,20,1165
7097,7098,19816,856,20672
7098,7099,267,6,273
7099,7100,4995,65,5060
7100,7101,1754,28,1782
7101,7102,111,1,112
7102,7103,1125,14,1139
7103,7104,725,13,738
7104,7105,222,4,226
7105,7106,737,10,747
7106,7107,305,6,311
7107,7108,420,17,437
7108,7109,262,4,266
7109,7110,645,17,662
7110,7111,202,2,204
7111,7112,184,5,189
7112,7113,392,9,401
7113,7114,470,9,479
7114,7115,459,8,467
7115,7116,260,5,265
7116,7117,410,8,418
7117,7118,414,7,421
7118,7119,227,3,230
7119,7120,688,12,700
7120,7121,478,8,486
7121,7122,5128,73,5201
7122,7123,880,16,896
7123,7124,817,12,829
7124,7125,298,6,304
7125,7126,2485,89,2574
7126,7127,850,23,873
7127,7128,136,7,143
7128,7129,6493,206,6699
7129,7130,295,14,309
7130,7131,499,4,503
7131,7132,708,11,719
7132,7133,3957,83,4040
7133,7134,233,8,241
7134,7135,912,10,922
7135,7136,691,8,699
7136,7137,1426,17,1443
7137,7138,708,11,719
7138,7139,6452,274,6726
7139,7140,65,2,67
7140,7141,221,4,225
7141,7142,364,6,370
7142,7143,440,14,454
7143,7144,768,14,782
7144,7145,657,6,663
7145,7146,2490,48,2538
7146,7147,292,5,297
7147,7148,294,3,297
7148,7149,1238,27,1265
7149,7150,4044,161,4205
7150,7151,9515,54,9569
7151,7152,548,1,549
7152,7153,620,5,625
7153,7154,353,13,366
7154,7155,35536,410,35946
7155,7156,2383,33,2416
7156,7157,477,14,491
7157,7158,620,17,637
7158,7159,356,10,366
7159,7160,636,7,643
7160,7161,2712,154,2866
7161,7162,43,0,43
7162,7163,667,12,679
7163,7164,873,28,901
7164,7165,220,5,225
7165,7166,1333,30,1363
7166,7167,216,8,224
7167,7168,1762,193,1955
7168,7169,887,23,910
7169,7170,268,2,270
7170,7171,334,11,345
7171,7172,1667,34,1701
7172,7173,406,11,417
7173,7174,905,19,924
7174,7175,207,3,210
7175,7176,1863,38,1901
7176,7177,664,27,691
7177,7178,106,2,108
7178,7179,137,1,138
7179,7180,148,3,151
7180,7181,1036,30,1066
7181,7182,1692,49,1741
7182,7183,258,4,262
7183,7184,180,7,187
7184,7185,2952,59,3011
7185,7186,71,0,71
7186,7187,343,2,345
7187,7188,1095,28,1123
7188,7189,1615,57,1672
7189,7190,2581,55,2636
7190,7191,95,2,97
7191,7192,507,17,524
7192,7193,225,5,230
7193,7194,309,4,313
7194,7195,72,1,73
7195,7196,30,5,35
7196,7197,95,1,96
7197,7198,117,0,117
7198,7199,722,12,734
7199,7200,2204,152,2356
7200,7201,68,2,70
7201,7202,364,2,366
7202,7203,55,0,55
7203,7204,341,9,350
7204,7205,61,1,62
7205,7206,842,35,877
7206,7207,72,0,72
7207,7208,84,1,85
7208,7209,505,10,515
7209,7210,153,2,155
7210,7211,580,13,593
7211,7212,133,2,135
7212,7213,447,4,451
7213,7214,68,2,70
7214,7215,146,7,153
7215,7216,162,3,165
7216,7217,33,0,33
7217,7218,83,3,86
7218,7219,498,12,510
7219,7220,3190,224,3414
7220,7221,797,19,816
7221,7222,140,0,140
7222,7223,122,2,124
7223,7224,1796,49,1845
7224,7225,510,10,520
7225,7226,151,2,153
7226,7227,148,3,151
7227,7228,220,8,228
7228,7229,1195,22,1217
7229,7230,848,17,865
7230,7231,2602,34,2636
7231,7232,363,9,372
7232,7233,285,4,289
7233,7234,1890,31,1921
7234,7235,895,32,927
7235,7236,1647,50,1697
7236,7237,11196,73,11269
7237,7238,2302,17,2319
7238,7239,95,5,100
7239,7240,320,8,328
7240,7241,51234,294,51528
7241,7242,1551,18,1569
7242,7243,153,4,157
7243,7244,2238,47,2285
7244,7245,1263,29,1292
7245,7246,841,6,847
7246,7247,436,9,445
7247,7248,6292,79,6371
7248,7249,1440,109,1549
7249,7250,26,1,27
7250,7251,1219,32,1251
7251,7252,123,5,128
7252,7253,1278,32,1310
7253,7254,1718,31,1749
7254,7255,762,15,777
7255,7256,98,2,100
7256,7257,1048,15,1063
7257,7258,146,1,147
7258,7259,107,1,108
7259,7260,208,6,214
7260,7261,965,15,980
7261,7262,442,19,461
7262,7263,625,10,635
7263,7264,811,24,835
7264,7265,1500,14,1514
7265,7266,144,2,146
7266,7267,587,12,599
7267,7268,3022,39,3061
7268,7269,294,4,298
7269,7270,164,5,169
7270,7271,916,21,937
7271,7272,3754,47,3801
7272,7273,354,6,360
7273,7274,822,39,861
7274,7275,191,5,196
7275,7276,156,3,159
7276,7277,984,26,1010
7277,7278,143,2,145
7278,7279,442,12,454
7279,7280,4075,130,4205
7280,7281,762,9,771
7281,7282,111,2,113
7282,7283,366,16,382
7283,7284,838,13,851
7284,7285,936,12,948
7285,7286,348,10,358
7286,7287,934,18,952
7287,7288,116,1,117
7288,7289,232,8,240
7289,7290,564,5,569
7290,7291,1878,39,1917
7291,7292,1127,20,1147
7292,7293,406,6,412
7293,7294,25406,214,25620
7294,7295,1333,14,1347
7295,7296,4957,45,5002
7296,7297,689,12,701
7297,7298,1550,26,1576
7298,7299,1800,26,1826
7299,7300,903,14,917
7300,7301,1487,26,1513
7301,7302,404,6,410
7302,7303,310,5,315
7303,7304,6458,92,6550
7304,7305,1162,35,1197
7305,7306,306,3,309
7306,7307,219,4,223
7307,7308,124,1,125
7308,7309,689,8,697
7309,7310,237,5,242
7310,7311,344,9,353
7311,7312,359,7,366
7312,7313,2311,49,2360
7313,7314,64,3,67
7314,7315,7372,106,7478
7315,7316,1724,31,1755
7316,7317,530,4,534
7317,7318,2327,28,2355
7318,7319,1975,35,2010
7319,7320,153,10,163
7320,7321,122,3,125
7321,7322,1370,26,1396
7322,7323,1385,20,1405
7323,7324,1308,12,1320
7324,7325,89,0,89
7325,7326,683,12,695
7326,7327,949,21,970
7327,7328,1437,23,1460
7328,7329,163,5,168
7329,7330,72,1,73
7330,7331,964,32,996
7331,7332,467,16,483
7332,7333,3111,71,3182
7333,7334,216,4,220
7334,7335,136,3,139
7335,7336,513,12,525
7336,7337,266,4,270
7337,7338,189,2,191
7338,7339,2185,39,2224
7339,7340,1580,30,1610
7340,7341,1014,16,1030
7341,7342,977,16,993
7342,7343,32,0,32
7343,7344,450,5,455
7344,7345,3434,56,3490
7345,7346,2815,56,2871
7346,7347,203,8,211
7347,7348,71,2,73
7348,7349,191,3,194
7349,7350,603,15,618
7350,7351,906,8,914
7351,7352,360,17,377
7352,7353,62,0,62
7353,7354,210,7,217
7354,7355,255,3,258
7355,7356,859,23,882
7356,7357,151,7,158
7357,7358,1140,48,1188
7358,7359,160,2,162
7359,7360,222,20,242
7360,7361,128,3,131
7361,7362,2640,55,2695
7362,7363,2197,47,2244
7363,7364,232,7,239
7364,7365,7485,117,7602
7365,7366,251,6,257
7366,7367,75,2,77
7367,7368,612,13,625
7368,7369,85,4,89
7369,7370,753,13,766
7370,7371,1886,32,1918
7371,7372,394,19,413
7372,7373,360,5,365
7373,7374,382,9,391
7374,7375,275,7,282
7375,7376,2974,79,3053
7376,7377,9589,238,9827
7377,7378,2034,31,2065
7378,7379,2741,56,2797
7379,7380,706,8,714
7380,7381,103,1,104
7381,7382,583,14,597
7382,7383,329,11,340
7383,7384,3199,77,3276
7384,7385,55,1,56
7385,7386,538,16,554
7386,7387,2260,94,2354
7387,7388,1003,12,1015
7388,7389,1900,39,1939
7389,7390,713,9,722
7390,7391,2111,39,2150
7391,7392,734,18,752
7392,7393,571,170,741
7393,7394,229,0,229
7394,7395,476,4,480
7395,7396,200,4,204
7396,7397,1885,13,1898
7397,7398,72,1,73
7398,7399,491,18,509
7399,7400,118,6,124
7400,7401,843,17,860
7401,7402,5216,400,5616
7402,7403,95,2,97
7403,7404,3258,89,3347
7404,7405,4921,42,4963
7405,7406,1323,29,1352
7406,7407,1110,25,1135
7407,7408,790,13,803
7408,7409,508,5,513
7409,7410,200,72,272
7410,7411,992,9,1001
7411,7412,628,12,640
7412,7413,551,7,558
7413,7414,75,0,75
7414,7415,20851,293,21144
7415,7416,1269,15,1284
7416,7417,859,34,893
7417,7418,52,1,53
7418,7419,3702,52,3754
7419,7420,852,16,868
7420,7421,358,13,371
7421,7422,615,9,624
7422,7423,549,13,562
7423,7424,318,0,318
7424,7425,1067,32,1099
7425,7426,508,9,517
7426,7427,94,5,99
7427,7428,538,6,544
7428,7429,378,11,389
7429,7430,587,8,595
7430,7431,490,8,498
7431,7432,72,2,74
7432,7433,2548,51,2599
7433,7434,90,1,91
7434,7435,2939,54,2993
7435,7436,2097,29,2126
7436,7437,96,5,101
7437,7438,1118,21,1139
7438,7439,416,12,428
7439,7440,7779,116,7895
7440,7441,646,55,701
7441,7442,217,1,218
7442,7443,321,8,329
7443,7444,806,19,825
7444,7445,3724,87,3811
7445,7446,512,10,522
7446,7447,1656,82,1738
7447,7448,726,77,803
7448,7449,597,7,604
7449,7450,168,3,171
7450,7451,534,6,540
7451,7452,293,8,301
7452,7453,320,1,321
7453,7454,125,3,128
7454,7455,2294,36,2330
7455,7456,83,6,89
7456,7457,247,5,252
7457,7458,541,11,552
7458,7459,353,4,357
7459,7460,5430,206,5636
7460,7461,576,14,590
7461,7462,1132,13,1145
7462,7463,1343,32,1375
7463,7464,559,9,568
7464,7465,760,7,767
7465,7466,488,4,492
7466,7467,77,1,78
7467,7468,205,4,209
7468,7469,14779,239,15018
7469,7470,566,16,582
7470,7471,2260,55,2315
7471,7472,221,5,226
7472,7473,234,4,238
7473,7474,436,15,451
7474,7475,433,3,436
7475,7476,509,10,519
7476,7477,2355,49,2404
7477,7478,505,6,511
7478,7479,220,8,228
7479,7480,194,5,199
7480,7481,7387,296,7683
7481,7482,129,3,132
7482,7483,189,7,196
7483,7484,540,5,545
7484,7485,242,3,245
7485,7486,634,19,653
7486,7487,50,0,50
7487,7488,154,0,154
7488,7489,604,11,615
7489,7490,80,2,82
7490,7491,373,9,382
7491,7492,155,3,158
7492,7493,152,4,156
7493,7494,133,2,135
7494,7495,2871,28,2899
7495,7496,164,0,164
7496,7497,271,7,278
7497,7498,2802,77,2879
7498,7499,592,22,614
7499,7500,148,1,149
7500,7501,920,19,939
7501,7502,148,2,150
7502,7503,253,6,259
7503,7504,337,10,347
7504,7505,426,5,431
7505,7506,148,1,149
7506,7507,136,0,136
7507,7508,32,0,32
7508,7509,366,2,368
7509,7510,46,0,46
7510,7511,640,13,653
7511,7512,81558,655,82213
7512,7513,108,3,111
7513,7514,763,8,771
7514,7515,301,12,313
7515,7516,435,10,445
7516,7517,716,16,732
7517,7518,638,7,645
7518,7519,155,1,156
7519,7520,105,2,107
7520,7521,3006,325,3331
7521,7522,211,2,213
7522,7523,122,2,124
7523,7524,395,11,406
7524,7525,75,0,75
7525,7526,498,8,506
7526,7527,41,0,41
7527,7528,199,3,202
7528,7529,89,0,89
7529,7530,411,4,415
7530,7531,469,6,475
7531,7532,311,2,313
7532,7533,809,21,830
7533,7534,8104,39,8143
7534,7535,86,1,87
7535,7536,1356,41,1397
7536,7537,240,6,246
7537,7538,78,1,79
7538,7539,144,3,147
7539,7540,68,1,69
7540,7541,41,1,42
7541,7542,93,2,95
7542,7543,1172,11,1183
7543,7544,2098,38,2136
7544,7545,346,4,350
7545,7546,288,3,291
7546,7547,26,1,27
7547,7548,93,3,96
7548,7549,676,13,689
7549,7550,299,6,305
7550,7551,136,5,141
7551,7552,148,3,151
7552,7553,519,9,528
7553,7554,232,3,235
7554,7555,441,10,451
7555,7556,2842,32,2874
7556,7557,2360,73,2433
7557,7558,854,29,883
7558,7559,98,1,99
7559,7560,694,12,706
7560,7561,247,9,256
7561,7562,132,0,132
7562,7563,592,13,605
7563,7564,451,3,454
7564,7565,777,21,798
7565,7566,611,8,619
7566,7567,392,13,405
7567,7568,6709,111,6820
7568,7569,276,7,283
7569,7570,231,2,233
7570,7571,573,15,588
7571,7572,178,3,181
7572,7573,490,5,495
7573,7574,569,8,577
7574,7575,366,11,377
7575,7576,366,11,377
7576,7577,458,13,471
7577,7578,260,8,268
7578,7579,299,1,300
7579,7580,62,1,63
7580,7581,47,0,47
7581,7582,57,2,59
7582,7583,283,4,287
7583,7584,923,28,951
7584,7585,1144,31,1175
7585,7586,2421,49,2470
7586,7587,79,4,83
7587,7588,1190,20,1210
7588,7589,145,4,149
7589,7590,508,8,516
7590,7591,213,8,221
7591,7592,1863,30,1893
7592,7593,501,9,510
7593,7594,110,2,112
7594,7595,120,1,121
7595,7596,726,10,736
7596,7597,616,13,629
7597,7598,236,7,243
7598,7599,786,30,816
7599,7600,20322,366,20688
7600,7601,3454,31,3485
7601,7602,6423,78,6501
7602,7603,37,1,38
7603,7604,1294,14,1308
7604,7605,128,2,130
7605,7606,419,6,425
7606,7607,4017,147,4164
7607,7608,189,7,196
7608,7609,399,5,404
7609,7610,79,3,82
7610,7611,10554,96,10650
7611,7612,279,5,284
7612,7613,198,5,203
7613,7614,283,4,287
7614,7615,1563,34,1597
7615,7616,221,4,225
7616,7617,1013,26,1039
7617,7618,2211,48,2259
7618,7619,5825,96,5921
7619,7620,104,0,104
7620,7621,531,6,537
7621,7622,512,191,703
7622,7623,4196,54,4250
7623,7624,577,8,585
7624,7625,939,20,959
7625,7626,239,10,249
7626,7627,68,0,68
7627,7628,82,0,82
7628,7629,76,1,77
7629,7630,354,2,356
7630,7631,244,3,247
7631,7632,157,3,160
7632,7633,71,0,71
7633,7634,388,7,395
7634,7635,100,2,102
7635,7636,260,5,265
7636,7637,339,6,345
7637,7638,236,6,242
7638,7639,3907,65,3972
7639,7640,232,8,240
7640,7641,559,11,570
7641,7642,105,5,110
7642,7643,305,1,306
7643,7644,60,0,60
7644,7645,89,1,90
7645,7646,569,35,604
7646,7647,347,5,352
7647,7648,6026,76,6102
7648,7649,51,0,51
7649,7650,180,3,183
7650,7651,935,28,963
7651,7652,235,2,237
7652,7653,2382,91,2473
7653,7654,166,4,170
7654,7655,33,1,34
7655,7656,784,24,808
7656,7657,548,5,553
7657,7658,655,20,675
7658,7659,648,10,658
7659,7660,71,0,71
7660,7661,6698,52,6750
7661,7662,60,1,61
7662,7663,261,1,262
7663,7664,460,6,466
7664,7665,2831,61,2892
7665,7666,315,5,320
7666,7667,1168,21,1189
7667,7668,320,2,322
7668,7669,801,23,824
7669,7670,1776,30,1806
7670,7671,1300,25,1325
7671,7672,1680,29,1709
7672,7673,143,2,145
7673,7674,2205,20,2225
7674,7675,282,3,285
7675,7676,1317,34,1351
7676,7677,122,5,127
7677,7678,249,6,255
7678,7679,954,17,971
7679,7680,177,2,179
7680,7681,713,20,733
7681,7682,442,8,450
7682,7683,52,1,53
7683,7684,118,0,118
7684,7685,93,0,93
7685,7686,8408,1173,9581
7686,7687,152,1,153
7687,7688,137,4,141
7688,7689,171,2,173
7689,7690,281,3,284
7690,7691,1912,41,1953
7691,7692,301,11,312
7692,7693,1167,11,1178
7693,7694,707,21,728
7694,7695,360,6,366
7695,7696,3077,45,3122
7696,7697,1082,26,1108
7697,7698,8602,130,8732
7698,7699,165,3,168
7699,7700,401,2,403
7700,7701,71,0,71
7701,7702,182,1,183
7702,7703,544,4,548
7703,7704,87,5,92
7704,7705,199,6,205
7705,7706,1182,18,1200
7706,7707,153,4,157
7707,7708,186,6,192
7708,7709,941,9,950
7709,7710,823,23,846
7710,7711,1662,42,1704
7711,7712,1219,42,1261
7712,7713,363,9,372
7713,7714,725,8,733
7714,7715,9518,161,9679
7715,7716,110,1,111
7716,7717,305,8,313
7717,7718,2454,48,2502
7718,7719,97,2,99
7719,7720,22309,275,22584
7720,7721,1042,23,1065
7721,7722,358,12,370
7722,7723,3976,148,4124
7723,7724,602,15,617
7724,7725,362,10,372
7725,7726,65,0,65
7726,7727,72,7,79
7727,7728,149,2,151
7728,7729,2150,43,2193
7729,7730,276,0,276
7730,7731,1465,35,1500
7731,7732,211,5,216
7732,7733,1781,50,1831
7733,7734,3285,37,3322
7734,7735,3394,81,3475
7735,7736,530,16,546
7736,7737,410,9,419
7737,7738,246,1,247
7738,7739,1363,14,1377
7739,7740,174,2,176
7740,7741,145,8,153
7741,7742,526,8,534
7742,7743,880,13,893
7743,7744,650,18,668
7744,7745,810,12,822
7745,7746,305,5,310
7746,7747,864,17,881
7747,7748,132,5,137
7748,7749,706,14,720
7749,7750,856,20,876
7750,7751,347,6,353
7751,7752,73,1,74
7752,7753,1473,52,1525
7753,7754,158,2,160
7754,7755,6975,167,7142
7755,7756,185,4,189
7756,7757,83,1,84
7757,7758,115,3,118
7758,7759,211,3,214
7759,7760,11248,184,11432
7760,7761,1951,41,1992
7761,7762,102,2,104
7762,7763,270,3,273
7763,7764,252,12,264
7764,7765,124,3,127
7765,7766,153,6,159
7766,7767,208,3,211
7767,7768,1951,53,2004
7768,7769,896,75,971
7769,7770,956,24,980
7770,7771,655,18,673
7771,7772,90,1,91
7772,7773,407,6,413
7773,7774,778,14,792
7774,7775,668,6,674
7775,7776,432,9,441
7776,7777,36169,259,36428
7777,7778,1313,26,1339
7778,7779,1569,57,1626
7779,7780,907,22,929
7780,7781,319,10,329
7781,7782,360,9,369
7782,7783,237,5,242
7783,7784,1982,34,2016
7784,7785,194,2,196
7785,7786,187,9,196
7786,7787,435,4,439
7787,7788,315,0,315
7788,7789,177,1,178
7789,7790,1671,63,1734
7790,7791,158,7,165
7791,7792,628,13,641
7792,7793,528,7,535
7793,7794,1118,23,1141
7794,7795,1116,27,1143
7795,7796,255,9,264
7796,7797,253,120,373
7797,7798,394,6,400
7798,7799,445,8,453
7799,7800,123,1,124
7800,7801,180,9,189
7801,7802,229,2,231
7802,7803,8680,274,8954
7803,7804,336,14,350
7804,7805,416,16,432
7805,7806,594,6,600
7806,7807,2261,79,2340
7807,7808,193,4,197
7808,7809,13042,216,13258
7809,7810,1185,27,1212
7810,7811,3297,102,3399
7811,7812,263,3,266
7812,7813,703,14,717
7813,7814,963,16,979
7814,7815,54,1,55
7815,7816,2862,40,2902
7816,7817,1503,19,1522
7817,7818,95,0,95
7818,7819,1749,30,1779
7819,7820,151,4,155
7820,7821,255,9,264
7821,7822,267,6,273
7822,7823,192,7,199
7823,7824,179,2,181
7824,7825,2630,54,2684
7825,7826,502,4,506
7826,7827,475,20,495
7827,7828,104,2,106
7828,7829,402,3,405
7829,7830,330,6,336
7830,7831,1489,14,1503
7831,7832,2562,90,2652
7832,7833,177,1,178
7833,7834,221,2,223
7834,7835,802,19,821
7835,7836,691,10,701
7836,7837,620,12,632
7837,7838,901,20,921
7838,7839,109,2,111
7839,7840,2469,62,2531
7840,7841,552,6,558
7841,7842,68,0,68
7842,7843,217,6,223
7843,7844,390,9,399
7844,7845,458,12,470
7845,7846,80,3,83
7846,7847,665,21,686
7847,7848,77,0,77
7848,7849,412,6,418
7849,7850,298,0,298
7850,7851,691,9,700
7851,7852,266,5,271
7852,7853,427,15,442
7853,7854,647,8,655
7854,7855,2026,21,2047
7855,7856,256,3,259
7856,7857,10031,336,10367
7857,7858,152,2,154
7858,7859,534,4,538
7859,7860,207,4,211
7860,7861,20881,276,21157
7861,7862,247,8,255
7862,7863,1284,28,1312
7863,7864,218,3,221
7864,7865,757,7,764
7865,7866,272,5,277
7866,7867,330,3,333
7867,7868,173,4,177
7868,7869,318,4,322
7869,7870,447,9,456
7870,7871,307,6,313
7871,7872,8293,256,8549
7872,7873,298,13,311
7873,7874,244,2,246
7874,7875,250,4,254
7875,7876,519,16,535
7876,7877,71,2,73
7877,7878,254,1,255
7878,7879,167,1,168
7879,7880,149,4,153
7880,7881,189,4,193
7881,7882,147,0,147
7882,7883,150,5,155
7883,7884,124,3,127
7884,7885,1044,20,1064
7885,7886,9369,58,9427
7886,7887,2983,26,3009
7887,7888,401,3,404
7888,7889,608,11,619
7889,7890,66,0,66
7890,7891,248,2,250
7891,7892,665,14,679
7892,7893,630,80,710
7893,7894,1377,16,1393
7894,7895,1105,32,1137
7895,7896,338,6,344
7896,7897,1758,45,1803
7897,7898,512,10,522
7898,7899,121,0,121
7899,7900,865,24,889
7900,7901,207,10,217
7901,7902,303,11,314
7902,7903,641,11,652
7903,7904,2923,47,2970
7904,7905,340,2,342
7905,7906,1116,10,1126
7906,7907,543,12,555
7907,7908,1825,24,1849
7908,7909,115,6,121
7909,7910,535,6,541
7910,7911,439,14,453
7911,7912,191,6,197
7912,7913,659,10,669
7913,7914,2171,64,2235
7914,7915,7386,219,7605
7915,7916,332,9,341
7916,7917,3063,66,3129
7917,7918,455,2,457
7918,7919,398,17,415
7919,7920,1041,19,1060
7920,7921,170,4,174
7921,7922,668,6,674
7922,7923,655,5,660
7923,7924,633,6,639
7924,7925,847,16,863
7925,7926,100,1,101
7926,7927,63,3,66
7927,7928,933,9,942
7928,7929,4502,315,4817
7929,7930,1568,12,1580
7930,7931,700,9,709
7931,7932,395,9,404
7932,7933,262,65,327
7933,7934,893,20,913
7934,7935,967,17,984
7935,7936,234,4,238
7936,7937,165,6,171
7937,7938,429,1,430
7938,7939,3503,123,3626
7939,7940,150,1,151
7940,7941,751,45,796
7941,7942,2093,29,2122
7942,7943,526,5,531
7943,7944,131,2,133
7944,7945,59,0,59
7945,7946,438,9,447
7946,7947,267,9,276
7947,7948,330,3,333
7948,7949,1370,28,1398
7949,7950,4713,67,4780
7950,7951,1502,16,1518
7951,7952,1520,47,1567
7952,7953,73,3,76
7953,7954,5223,51,5274
7954,7955,3871,56,3927
7955,7956,1629,44,1673
7956,7957,793,15,808
7957,7958,133,0,133
7958,7959,3375,64,3439
7959,7960,4832,100,4932
7960,7961,361,7,368
7961,7962,78,4,82
7962,7963,322,4,326
7963,7964,391,7,398
7964,7965,542,15,557
7965,7966,208,6,214
7966,7967,152,2,154
7967,7968,14788,266,15054
7968,7969,470,10,480
7969,7970,316,4,320
7970,7971,93246,476,93722
7971,7972,931,12,943
7972,7973,127,3,130
7973,7974,398,3,401
7974,7975,1244,85,1329
7975,7976,454,6,460
7976,7977,59,1,60
7977,7978,294,3,297
7978,7979,3089,86,3175
7979,7980,3372,55,3427
7980,7981,181,3,184
7981,7982,150,4,154
7982,7983,189,8,197
7983,7984,84,1,85
7984,7985,50,5,55
7985,7986,1090,10,1100
7986,7987,1736,36,1772
7987,7988,1266,28,1294
7988,7989,1650,16,1666
7989,7990,146,6,152
7990,7991,92,0,92
7991,7992,181,3,184
7992,7993,2501,26,2527
7993,7994,408,6,414
7994,7995,5059,93,5152
7995,7996,116,5,121
7996,7997,1771,32,1803
7997,7998,792,130,922
7998,7999,351,4,355
7999,8000,11962,139,12101
8000,8001,1805,35,1840
8001,8002,1032,30,1062
8002,8003,3563,90,3653
8003,8004,5244,55,5299
8004,8005,19344,253,19597
8005,8006,206,2,208
8006,8007,611,4,615
8007,8008,834,14,848
8008,8009,178,7,185
8009,8010,391,6,397
8010,8011,252,4,256
8011,8012,970,14,984
8012,8013,842,29,871
8013,8014,1746,23,1769
8014,8015,6400,98,6498
8015,8016,711,12,723
8016,8017,156,3,159
8017,8018,100,0,100
8018,8019,73,4,77
8019,8020,27,1,28
8020,8021,369,12,381
8021,8022,2216,106,2322
8022,8023,1829,31,1860
8023,8024,185,0,185
8024,8025,1571,40,1611
8025,8026,390,12,402
8026,8027,126,4,130
8027,8028,410,17,427
8028,8029,71,2,73
8029,8030,48,0,48
8030,8031,358,3,361
8031,8032,750,7,757
8032,8033,133,3,136
8033,8034,360,4,364
8034,8035,1126,19,1145
8035,8036,758,15,773
8036,8037,202,8,210
8037,8038,513,12,525
8038,8039,3004,64,3068
8039,8040,232,3,235
8040,8041,183,4,187
8041,8042,105,2,107
8042,8043,749,12,761
8043,8044,0,0,0
8044,8045,39,0,39
8045,8046,51,0,51
8046,8047,1607,62,1669
8047,8048,127,2,129
8048,8049,17,0,17
8049,8050,344,9,353
8050,8051,174,4,178
8051,8052,1297,26,1323
8052,8053,285,5,290
8053,8054,223,2,225
8054,8055,281,5,286
8055,8056,698,20,718
8056,8057,189,5,194
8057,8058,120,3,123
8058,8059,295,15,310
8059,8060,571,12,583
8060,8061,310,9,319
8061,8062,303,8,311
8062,8063,444,5,449
8063,8064,319,6,325
8064,8065,52,1,53
8065,8066,208,9,217
8066,8067,471,15,486
8067,8068,1337,36,1373
8068,8069,1153,44,1197
8069,8070,678,21,699
8070,8071,1179,27,1206
8071,8072,228,4,232
8072,8073,133,4,137
8073,8074,171,2,173
8074,8075,12,1,13
8075,8076,197,8,205
8076,8077,659,18,677
8077,8078,767,19,786
8078,8079,116,0,116
8079,8080,141,0,141
8080,8081,90,1,91
8081,8082,129,3,132
8082,8083,399,10,409
8083,8084,387,7,394
8084,8085,538,8,546
8085,8086,216,1,217
8086,8087,74,2,76
8087,8088,281,12,293
8088,8089,282,4,286
8089,8090,1192,18,1210
8090,8091,2330,28,2358
8091,8092,1678,35,1713
8092,8093,213,2,215
8093,8094,561,16,577
8094,8095,12474,481,12955
8095,8096,144,3,147
8096,8097,62,3,65
8097,8098,1044,24,1068
8098,8099,190,2,192
8099,8100,378,8,386
8100,8101,40,2,42
8101,8102,118,3,121
8102,8103,327,8,335
8103,8104,3082,28,3110
8104,8105,1836,55,1891
8105,8106,1042,28,1070
8106,8107,981,21,1002
8107,8108,116,1,117
8108,8109,2017,33,2050
8109,8110,1541,54,1595
8110,8111,134,8,142
8111,8112,297,6,303
8112,8113,2259,34,2293
8113,8114,196,6,202
8114,8115,280,9,289
8115,8116,270,7,277
8116,8117,198,1,199
8117,8118,625,5,630
8118,8119,864,14,878
8119,8120,897,24,921
8120,8121,4033,71,4104
8121,8122,861,29,890
8122,8123,665,17,682
8123,8124,235,6,241
8124,8125,632,13,645
8125,8126,1544,20,1564
8126,8127,441,6,447
8127,8128,851,18,869
8128,8129,112,4,116
8129,8130,179,2,181
8130,8131,123,5,128
8131,8132,153,2,155
8132,8133,4849,69,4918
8133,8134,411,6,417
8134,8135,414,12,426
8135,8136,470,8,478
8136,8137,627,12,639
8137,8138,8805,110,8915
8138,8139,1238,24,1262
8139,8140,2082,34,2116
8140,8141,1204,32,1236
8141,8142,170,3,173
8142,8143,2171,26,2197
8143,8144,623,17,640
8144,8145,227,3,230
8145,8146,3369,36,3405
8146,8147,1779,39,1818
8147,8148,1206,21,1227
8148,8149,7857,233,8090
8149,8150,222,8,230
8150,8151,137,9,146
8151,8152,263,8,271
8152,8153,2138,20,2158
8153,8154,437,8,445
8154,8155,423,15,438
8155,8156,240,3,243
8156,8157,165,2,167
8157,8158,228,2,230
8158,8159,215,4,219
8159,8160,1106,16,1122
8160,8161,84,6,90
8161,8162,918,20,938
8162,8163,441,6,447
8163,8164,1495,24,1519
8164,8165,2430,47,2477
8165,8166,1840,20,1860
8166,8167,2430,66,2496
8167,8168,529,19,548
8168,8169,4777,57,4834
8169,8170,278,4,282
8170,8171,129,3,132
8171,8172,83,0,83
8172,8173,785,12,797
8173,8174,470,6,476
8174,8175,349,8,357
8175,8176,64,2,66
8176,8177,72,0,72
8177,8178,5681,112,5793
8178,8179,121,6,127
8179,8180,1537,36,1573
8180,8181,690,9,699
8181,8182,107,2,109
8182,8183,1204,11,1215
8183,8184,437,13,450
8184,8185,770,19,789
8185,8186,371,6,377
8186,8187,143,1,144
8187,8188,271,6,277
8188,8189,364,7,371
8189,8190,1357,46,1403
8190,8191,754,12,766
8191,8192,2215,41,2256
8192,8193,502,6,508
8193,8194,750,26,776
8194,8195,272,4,276
8195,8196,252,5,257
8196,8197,238,3,241
8197,8198,108,0,108
8198,8199,138,4,142
8199,8200,347,7,354
8200,8201,3155,45,3200
8201,8202,552,20,572
8202,8203,229,5,234
8203,8204,1839,26,1865
8204,8205,1028,18,1046
8205,8206,2464,63,2527
8206,8207,127,8,135
8207,8208,370,13,383
8208,8209,1504,23,1527
8209,8210,173,2,175
8210,8211,22128,146,22274
8211,8212,475,9,484
8212,8213,385,13,398
8213,8214,345,4,349
8214,8215,10355,88,10443
8215,8216,1375,16,1391
8216,8217,189,6,195
8217,8218,197,2,199
8218,8219,1135,16,1151
8219,8220,202,4,206
8220,8221,458,13,471
8221,8222,2629,79,2708
8222,8223,322,8,330
8223,8224,460,2,462
8224,8225,272,4,276
8225,8226,442,8,450
8226,8227,174,1,175
8227,8228,1452,37,1489
8228,8229,203,4,207
8229,8230,240,6,246
8230,8231,65,4,69
8231,8232,1022,15,1037
8232,8233,131,2,133
8233,8234,113,2,115
8234,8235,1598,27,1625
8235,8236,250,9,259
8236,8237,448,4,452
8237,8238,451,8,459
8238,8239,738,20,758
8239,8240,282,3,285
8240,8241,794,15,809
8241,8242,110,2,112
8242,8243,1240,25,1265
8243,8244,452,10,462
8244,8245,170,4,174
8245,8246,392,15,407
8246,8247,3417,36,3453
8247,8248,710,6,716
8248,8249,1856,46,1902
8249,8250,39,1,40
8250,8251,116,0,116
8251,8252,55,0,55
8252,8253,197,5,202
8253,8254,626,74,700
8254,8255,741,17,758
8255,8256,210,2,212
8256,8257,194,5,199
8257,8258,231,2,233
8258,8259,156,1,157
8259,8260,200,4,204
8260,8261,403,6,409
8261,8262,1259,27,1286
8262,8263,432,5,437
8263,8264,476,5,481
8264,8265,713,11,724
8265,8266,571,12,583
8266,8267,682,15,697
8267,8268,2969,58,3027
8268,8269,650,11,661
8269,8270,3620,68,3688
8270,8271,679,16,695
8271,8272,497,16,513
8272,8273,112,0,112
8273,8274,1522,290,1812
8274,8275,472,10,482
8275,8276,822,6,828
8276,8277,1346,4,1350
8277,8278,207,11,218
8278,8279,681,17,698
8279,8280,509,5,514
8280,8281,1817,46,1863
8281,8282,776,16,792
8282,8283,140,3,143
8283,8284,85,5,90
8284,8285,254,2,256
8285,8286,343,11,354
8286,8287,88,5,93
8287,8288,149,7,156
8288,8289,8752,612,9364
8289,8290,248,2,250
8290,8291,1197,18,1215
8291,8292,532,4,536
8292,8293,262,3,265
8293,8294,336,12,348
8294,8295,1076,53,1129
8295,8296,66,1,67
8296,8297,1380,31,1411
8297,8298,9788,84,9872
8298,8299,505,7,512
8299,8300,896,14,910
8300,8301,1864,31,1895
8301,8302,1392,26,1418
8302,8303,447,10,457
8303,8304,401,9,410
8304,8305,235,6,241
8305,8306,464,8,472
8306,8307,154,1,155
8307,8308,1439,15,1454
8308,8309,708,11,719
8309,8310,836,14,850
8310,8311,517,18,535
8311,8312,2432,28,2460
8312,8313,68,2,70
8313,8314,609,5,614
8314,8315,700,107,807
8315,8316,115,2,117
8316,8317,575,4,579
8317,8318,200,3,203
8318,8319,225,4,229
8319,8320,293,14,307
8320,8321,3168,87,3255
8321,8322,20843,841,21684
8322,8323,3565,60,3625
8323,8324,651,16,667
8324,8325,5323,206,5529
8325,8326,5360,33,5393
8326,8327,5233,175,5408
8327,8328,763,12,775
8328,8329,268,6,274
8329,8330,351,7,358
8330,8331,37,2,39
8331,8332,59,2,61
8332,8333,209,1,210
8333,8334,1183,16,1199
8334,8335,500,11,511
8335,8336,5667,86,5753
8336,8337,1148,9,1157
8337,8338,112,4,116
8338,8339,122,0,122
8339,8340,616,5,621
8340,8341,135,3,138
8341,8342,521,13,534
8342,8343,273,7,280
8343,8344,844,37,881
8344,8345,1794,40,1834
8345,8346,19877,122,19999
8346,8347,159,5,164
8347,8348,360,9,369
8348,8349,86,1,87
8349,8350,491,21,512
8350,8351,72,1,73
8351,8352,1766,50,1816
8352,8353,1550,40,1590
8353,8354,89,2,91
8354,8355,249,5,254
8355,8356,395,6,401
8356,8357,305,9,314
8357,8358,757,26,783
8358,8359,758,19,777
8359,8360,282,1,283
8360,8361,156,4,160
8361,8362,1384,23,1407
8362,8363,114,3,117
8363,8364,391,9,400
8364,8365,156,3,159
8365,8366,44,1,45
8366,8367,564,9,573
8367,8368,3505,428,3933
8368,8369,3366,61,3427
8369,8370,56,5,61
8370,8371,3998,65,4063
8371,8372,785,25,810
8372,8373,175,3,178
8373,8374,481,6,487
8374,8375,101,3,104
8375,8376,1491,32,1523
8376,8377,248,4,252
8377,8378,96,1,97
8378,8379,4875,39,4914
8379,8380,85,1,86
8380,8381,2610,26,2636
8381,8382,22149,187,22336
8382,8383,211,3,214
8383,8384,1265,29,1294
8384,8385,391,11,402
8385,8386,1911,53,1964
8386,8387,49,2,51
8387,8388,51,1,52
8388,8389,410,7,417
8389,8390,495,9,504
8390,8391,1379,36,1415
8391,8392,297,7,304
8392,8393,138,0,138
8393,8394,1041,10,1051
8394,8395,53,2,55
8395,8396,311,4,315
8396,8397,52,2,54
8397,8398,307,14,321
8398,8399,1236,22,1258
8399,8400,1361,38,1399
8400,8401,173,4,177
8401,8402,1818,25,1843
8402,8403,311,6,317
8403,8404,112,0,112
8404,8405,1227,14,1241
8405,8406,820,17,837
8406,8407,1041,12,1053
8407,8408,91,2,93
8408,8409,221,6,227
8409,8410,199,2,201
8410,8411,502,17,519
8411,8412,338,4,342
8412,8413,4718,240,4958
8413,8414,1680,41,1721
8414,8415,675,43,718
8415,8416,337,13,350
8416,8417,631,27,658
8417,8418,348,6,354
8418,8419,253,2,255
8419,8420,297,6,303
8420,8421,1595,36,1631
8421,8422,272,4,276
8422,8423,92,1,93
8423,8424,573,12,585
8424,8425,873,16,889
8425,8426,28241,468,28709
8426,8427,195,2,197
8427,8428,619,10,629
8428,8429,262,13,275
8429,8430,307,5,312
8430,8431,1057,16,1073
8431,8432,1430,53,1483
8432,8433,889,7,896
8433,8434,1441,47,1488
8434,8435,3239,136,3375
8435,8436,340,2,342
8436,8437,4772,45,4817
8437,8438,1650,14,1664
8438,8439,2800,232,3032
8439,8440,346,6,352
8440,8441,1102,35,1137
8441,8442,359,11,370
8442,8443,1355,15,1370
8443,8444,16482,922,17404
8444,8445,199,9,208
8445,8446,996,13,1009
8446,8447,7741,249,7990
8447,8448,1598,44,1642
8448,8449,158002,3378,161380
8449,8450,113,3,116
8450,8451,318,11,329
8451,8452,330,2,332
8452,8453,310,9,319
8453,8454,14407,587,14994
8454,8455,10181,526,10707
8455,8456,1233,17,1250
8456,8457,1441,47,1488
8457,8458,709,17,726
8458,8459,1638,24,1662
8459,8460,624,14,638
8460,8461,275,3,278
8461,8462,1492,19,1511
8462,8463,60,3,63
8463,8464,1967,39,2006
8464,8465,146,5,151
8465,8466,543,9,552
8466,8467,749,16,765
8467,8468,1381,35,1416
8468,8469,1520,21,1541
8469,8470,2215,66,2281
8470,8471,112,4,116
8471,8472,116,7,123
8472,8473,3255,50,3305
8473,8474,922,22,944
8474,8475,1828,33,1861
8475,8476,1732,55,1787
8476,8477,142,4,146
8477,8478,663,70,733
8478,8479,6975,122,7097
8479,8480,395,6,401
8480,8481,5276,169,5445
8481,8482,6963,40,7003
8482,8483,9951,239,10190
8483,8484,918,26,944
8484,8485,827,26,853
8485,8486,1496,34,1530
8486,8487,730,16,746
8487,8488,193,2,195
8488,8489,2799,37,2836
8489,8490,377,8,385
8490,8491,733,11,744
8491,8492,855,27,882
8492,8493,182,3,185
8493,8494,864,17,881
8494,8495,227,7,234
8495,8496,1484,27,1511
8496,8497,834,17,851
8497,8498,99,2,101
8498,8499,326,3,329
8499,8500,1402,44,1446
8500,8501,103,2,105
8501,8502,885,25,910
8502,8503,1731,33,1764
8503,8504,835,18,853
8504,8505,5738,332,6070
8505,8506,100,0,100
8506,8507,133,4,137
8507,8508,133,2,135
8508,8509,23711,893,24604
8509,8510,46,2,48
8510,8511,479,11,490
8511,8512,1460,23,1483
8512,8513,316,3,319
8513,8514,716,15,731
8514,8515,3192,71,3263
8515,8516,3144,62,3206
8516,8517,673,23,696
8517,8518,345,7,352
8518,8519,1083,20,1103
8519,8520,2383,55,2438
8520,8521,388,8,396
8521,8522,2020,51,2071
8522,8523,2195,76,2271
8523,8524,1675,36,1711
8524,8525,1065,11,1076
8525,8526,409,9,418
8526,8527,812,14,826
8527,8528,939,11,950
8528,8529,79,2,81
8529,8530,397,7,404
8530,8531,120,1,121
8531,8532,9668,189,9857
8532,8533,78,2,80
8533,8534,1232,30,1262
8534,8535,138,4,142
8535,8536,368,14,382
8536,8537,239,3,242
8537,8538,379,12,391
8538,8539,86,3,89
8539,8540,43,0,43
8540,8541,743,18,761
8541,8542,1904,46,1950
8542,8543,179,9,188
8543,8544,231,3,234
8544,8545,464,11,475
8545,8546,216,2,218
8546,8547,281,4,285
8547,8548,318,2,320
8548,8549,4196,124,4320
8549,8550,1047,19,1066
8550,8551,1164,14,1178
8551,8552,174,3,177
8552,8553,1006,26,1032
8553,8554,258,2,260
8554,8555,175,2,177
8555,8556,3680,65,3745
8556,8557,302,3,305
8557,8558,87,2,89
8558,8559,166,7,173
8559,8560,575,28,603
8560,8561,164,3,167
8561,8562,68,0,68
8562,8563,155,1,156
8563,8564,138,8,146
8564,8565,382,5,387
8565,8566,32,2,34
8566,8567,52,0,52
8567,8568,58,0,58
8568,8569,243,3,246
8569,8570,280,7,287
8570,8571,802,12,814
8571,8572,1882,51,1933
8572,8573,1951,37,1988
8573,8574,54,0,54
8574,8575,287,2,289
8575,8576,60,2,62
8576,8577,294,6,300
8577,8578,731,8,739
8578,8579,909,22,931
8579,8580,181,4,185
8580,8581,292,10,302
8581,8582,78,1,79
8582,8583,15504,194,15698
8583,8584,1108,28,1136
8584,8585,338,3,341
8585,8586,398,5,403
8586,8587,715,8,723
8587,8588,38,0,38
8588,8589,203,5,208
8589,8590,889,31,920
8590,8591,314,5,319
8591,8592,369,5,374
8592,8593,81,1,82
8593,8594,418,6,424
8594,8595,3032,59,3091
8595,8596,436,3,439
8596,8597,470,9,479
8597,8598,857,14,871
8598,8599,5638,143,5781
8599,8600,219,7,226
8600,8601,190,2,192
8601,8602,1179,22,1201
8602,8603,4344,114,4458
8603,8604,58,1,59
8604,8605,189,4,193
8605,8606,127,3,130
8606,8607,93,3,96
8607,8608,107,3,110
8608,8609,346,8,354
8609,8610,71,1,72
8610,8611,647,13,660
8611,8612,312,7,319
8612,8613,77,2,79
8613,8614,35,0,35
8614,8615,91,2,93
8615,8616,492,3,495
8616,8617,101,8,109
8617,8618,351,4,355
8618,8619,6677,70,6747
8619,8620,403,9,412
8620,8621,56,0,56
8621,8622,406,8,414
8622,8623,265,14,279
8623,8624,311,10,321
8624,8625,256,8,264
8625,8626,8729,166,8895
8626,8627,1337,13,1350
8627,8628,110,1,111
8628,8629,2018,27,2045
8629,8630,132,2,134
8630,8631,56,3,59
8631,8632,1158,21,1179
8632,8633,290,7,297
8633,8634,37,1,38
8634,8635,216,1,217
8635,8636,8152,94,8246
8636,8637,390,4,394
8637,8638,299,2,301
8638,8639,71,2,73
8639,8640,189,2,191
8640,8641,659,16,675
8641,8642,2775,48,2823
8642,8643,73,1,74
8643,8644,352,1,353
8644,8645,2864,39,2903
8645,8646,1080,86,1166
8646,8647,915,18,933
8647,8648,425,5,430
8648,8649,263,4,267
8649,8650,3109,74,3183
8650,8651,119,5,124
8651,8652,464,10,474
8652,8653,2678,72,2750
8653,8654,1575,27,1602
8654,8655,168,4,172
8655,8656,5921,102,6023
8656,8657,175,4,179
8657,8658,797,10,807
8658,8659,709,9,718
8659,8660,3280,36,3316
8660,8661,656,8,664
8661,8662,155,6,161
8662,8663,2613,32,2645
8663,8664,2918,43,2961
8664,8665,802,18,820
8665,8666,205,12,217
8666,8667,470,8,478
8667,8668,1466,24,1490
8668,8669,169,7,176
8669,8670,1879,46,1925
8670,8671,299,9,308
8671,8672,101,6,107
8672,8673,300,5,305
8673,8674,1038,25,1063
8674,8675,441,14,455
8675,8676,39613,858,40471
8676,8677,478,17,495
8677,8678,14000,365,14365
8678,8679,80,0,80
8679,8680,3198,95,3293
8680,8681,251,3,254
8681,8682,354,10,364
8682,8683,164,3,167
8683,8684,1358,28,1386
8684,8685,10293,32,10325
8685,8686,311,2,313
8686,8687,281,39,320
8687,8688,96,3,99
8688,8689,618,9,627
8689,8690,284,7,291
8690,8691,351,8,359
8691,8692,2477,45,2522
8692,8693,104,1,105
8693,8694,1070,8,1078
8694,8695,822,22,844
8695,8696,322,10,332
8696,8697,251,1,252
8697,8698,790,34,824
8698,8699,426,12,438
8699,8700,362,10,372
8700,8701,20,2,22
8701,8702,266,4,270
8702,8703,5890,172,6062
8703,8704,73,0,73
8704,8705,317,7,324
8705,8706,856,18,874
8706,8707,139,5,144
8707,8708,1195,21,1216
8708,8709,10452,187,10639
8709,8710,5928,44,5972
8710,8711,1311,36,1347
8711,8712,303,7,310
8712,8713,551,6,557
8713,8714,671,9,680
8714,8715,139,1,140
8715,8716,217,5,222
8716,8717,3542,85,3627
8717,8718,659,9,668
8718,8719,6483,80,6563
8719,8720,465,11,476
8720,8721,210,6,216
8721,8722,452,4,456
8722,8723,523,12,535
8723,8724,1076,28,1104
8724,8725,4973,204,5177
8725,8726,5680,46,5726
8726,8727,102,1,103
8727,8728,367,5,372
8728,8729,270,6,276
8729,8730,440,13,453
8730,8731,765,12,777
8731,8732,792,11,803
8732,8733,2199,60,2259
8733,8734,11119,257,11376
8734,8735,327,15,342
8735,8736,104,2,106
8736,8737,1169,32,1201
8737,8738,2293,22,2315
8738,8739,608,15,623
8739,8740,751,19,770
8740,8741,233,2,235
8741,8742,608,9,617
8742,8743,1458,52,1510
8743,8744,153,3,156
8744,8745,965,12,977
8745,8746,805,21,826
8746,8747,39433,911,40344
8747,8748,902,31,933
8748,8749,110,2,112
8749,8750,95,2,97
8750,8751,200,1,201
8751,8752,29,3,32
8752,8753,72376,282,72658
8753,8754,5117,40,5157
8754,8755,130,2,132
8755,8756,28602,265,28867
8756,8757,2270,37,2307
8757,8758,1639,10,1649
8758,8759,358,16,374
8759,8760,30646,519,31165
8760,8761,549,17,566
8761,8762,84,9,93
8762,8763,87,3,90
8763,8764,266,6,272
8764,8765,2926,12,2938
8765,8766,154,5,159
8766,8767,357,7,364
8767,8768,78,2,80
8768,8769,214,5,219
8769,8770,87,1,88
8770,8771,194,5,199
8771,8772,223,1,224
8772,8773,1222,57,1279
8773,8774,510,10,520
8774,8775,140,1,141
8775,8776,360,4,364
8776,8777,234,5,239
8777,8778,212,4,216
8778,8779,615,19,634
8779,8780,346,5,351
8780,8781,1009,8,1017
8781,8782,116,1,117
8782,8783,924,23,947
8783,8784,591,7,598
8784,8785,202,6,208
8785,8786,3205,94,3299
8786,8787,332,14,346
8787,8788,1146,27,1173
8788,8789,455,11,466
8789,8790,1438,27,1465
8790,8791,2934,67,3001
8791,8792,5268,47,5315
8792,8793,308,6,314
8793,8794,964,12,976
8794,8795,266,4,270
8795,8796,1397,34,1431
8796,8797,61,3,64
8797,8798,2649,65,2714
8798,8799,370,7,377
8799,8800,2799,61,2860
8800,8801,4073,53,4126
8801,8802,17655,287,17942
8802,8803,168,3,171
8803,8804,837,16,853
8804,8805,53,1,54
8805,8806,149,4,153
8806,8807,11073,40,11113
8807,8808,1311,24,1335
8808,8809,654,19,673
8809,8810,146,3,149
8810,8811,994,21,1015
8811,8812,1347,125,1472
8812,8813,479,5,484
8813,8814,229,6,235
8814,8815,619,15,634
8815,8816,1094,24,1118
8816,8817,422,7,429
8817,8818,353,4,357
8818,8819,3655,76,3731
8819,8820,144,2,146
8820,8821,660,10,670
8821,8822,1041,21,1062
8822,8823,1208,24,1232
8823,8824,101,3,104
8824,8825,624,17,641
8825,8826,434,10,444
8826,8827,2668,65,2733
8827,8828,86279,1268,87547
8828,8829,656,5,661
8829,8830,1638,18,1656
8830,8831,853,28,881
8831,8832,297,3,300
8832,8833,150,3,153
8833,8834,151,2,153
8834,8835,1219,20,1239
8835,8836,955,7,962
8836,8837,138,5,143
8837,8838,654,11,665
8838,8839,178,4,182
8839,8840,148,2,150
8840,8841,299,11,310
8841,8842,1316,105,1421
8842,8843,72,0,72
8843,8844,523,10,533
8844,8845,171,3,174
8845,8846,841,90,931
8846,8847,728,17,745
8847,8848,558,7,565
8848,8849,824,17,841
8849,8850,211,5,216
8850,8851,178,4,182
8851,8852,656,17,673
8852,8853,1081,17,1098
8853,8854,964,11,975
8854,8855,424,11,435
8855,8856,3358,75,3433
8856,8857,2057,48,2105
8857,8858,329,2,331
8858,8859,399,4,403
8859,8860,2865,30,2895
8860,8861,426,8,434
8861,8862,44,0,44
8862,8863,332,14,346
8863,8864,214,6,220
8864,8865,159,4,163
8865,8866,28930,139,29069
8866,8867,657,17,674
8867,8868,3117,45,3162
8868,8869,328,3,331
8869,8870,524,11,535
8870,8871,803,33,836
8871,8872,265,1,266
8872,8873,480,9,489
8873,8874,7609,149,7758
8874,8875,1162,21,1183
8875,8876,726,21,747
8876,8877,4459,87,4546
8877,8878,344,12,356
8878,8879,143,0,143
8879,8880,433,4,437
8880,8881,133,3,136
8881,8882,10654,75,10729
8882,8883,916,27,943
8883,8884,336,7,343
8884,8885,420,10,430
8885,8886,25335,318,25653
8886,8887,392,14,406
8887,8888,6349,98,6447
8888,8889,193,3,196
8889,8890,260,11,271
8890,8891,3975,71,4046
8891,8892,658,10,668
8892,8893,422,7,429
8893,8894,2287,23,2310
8894,8895,528,25,553
8895,8896,1295,36,1331
8896,8897,80,1,81
8897,8898,387,6,393
8898,8899,434,11,445
8899,8900,7049,64,7113
8900,8901,1344,20,1364
8901,8902,1028,37,1065
8902,8903,1441,29,1470
8903,8904,39,1,40
8904,8905,506,4,510
8905,8906,2165,44,2209
8906,8907,391,10,401
8907,8908,4150,44,4194
8908,8909,698,11,709
8909,8910,392,7,399
8910,8911,2251,43,2294
8911,8912,1221,26,1247
8912,8913,1131,18,1149
8913,8914,59,5,64
8914,8915,319,6,325
8915,8916,371,10,381
8916,8917,270,9,279
8917,8918,1721,41,1762
8918,8919,527,11,538
8919,8920,222,2,224
8920,8921,370,3,373
8921,8922,1116,22,1138
8922,8923,256,4,260
8923,8924,255,0,255
8924,8925,16224,126,16350
8925,8926,406,14,420
8926,8927,475,6,481
8927,8928,151,4,155
8928,8929,3320,141,3461
8929,8930,585,7,592
8930,8931,9248,116,9364
8931,8932,876,15,891
8932,8933,810,10,820
8933,8934,418,4,422
8934,8935,6261,119,6380
8935,8936,705,8,713
8936,8937,257,3,260
8937,8938,153,0,153
8938,8939,569,7,576
8939,8940,6335,378,6713
8940,8941,234,5,239
8941,8942,302,3,305
8942,8943,3108,25,3133
8943,8944,279,4,283
8944,8945,619,14,633
8945,8946,85,1,86
8946,8947,95,3,98
8947,8948,425,9,434
8948,8949,700,14,714
8949,8950,388,12,400
8950,8951,1239,33,1272
8951,8952,90,4,94
8952,8953,506,16,522
8953,8954,61,1,62
8954,8955,163,9,172
8955,8956,33,0,33
8956,8957,562,17,579
8957,8958,11470,158,11628
8958,8959,449,20,469
8959,8960,117,5,122
8960,8961,305,0,305
8961,8962,1282,23,1305
8962,8963,109,2,111
8963,8964,107,0,107
8964,8965,613,9,622
8965,8966,304,4,308
8966,8967,494,1,495
8967,8968,281,2,283
8968,8969,2157,25,2182
8969,8970,1304,19,1323
8970,8971,2236,22,2258
8971,8972,2520,53,2573
8972,8973,212,7,219
8973,8974,1623,27,1650
8974,8975,281,2,283
8975,8976,21,2,23
8976,8977,289,4,293
8977,8978,7512,70,7582
8978,8979,5783,99,5882
8979,8980,102,2,104
8980,8981,221,2,223
8981,8982,8595,123,8718
8982,8983,748,14,762
8983,8984,2255,41,2296
8984,8985,1242,37,1279
8985,8986,142,2,144
8986,8987,985,17,1002
8987,8988,6927,65,6992
8988,8989,2107,44,2151
8989,8990,497,8,505
8990,8991,1871,30,1901
8991,8992,136,8,144
8992,8993,1118,23,1141
8993,8994,1134,33,1167
8994,8995,6315,141,6456
8995,8996,644,8,652
8996,8997,372,11,383
8997,8998,816,21,837
8998,8999,172,3,175
8999,9000,212,3,215
9000,9001,2453,25,2478
9001,9002,1543,31,1574
9002,9003,637,23,660
9003,9004,2022,155,2177
9004,9005,349,1,350
9005,9006,130,0,130
9006,9007,8196,198,8394
9007,9008,2247,76,2323
9008,9009,1417,26,1443
9009,9010,245,2,247
9010,9011,248,0,248
9011,9012,427,8,435
9012,9013,1789,18,1807
9013,9014,572,15,587
9014,9015,248,5,253
9015,9016,312,11,323
9016,9017,116,0,116
9017,9018,3043,72,3115
9018,9019,1697,53,1750
9019,9020,72,2,74
9020,9021,311,5,316
9021,9022,188,3,191
9022,9023,769,11,780
9023,9024,686,11,697
9024,9025,420,11,431
9025,9026,299,6,305
9026,9027,123,2,125
9027,9028,1606,27,1633
9028,9029,562,3,565
9029,9030,1514,14,1528
9030,9031,1949,35,1984
9031,9032,3853,97,3950
9032,9033,5739,84,5823
9033,9034,1410,14,1424
9034,9035,176,1,177
9035,9036,234,2,236
9036,9037,8434,203,8637
9037,9038,504,6,510
9038,9039,287,8,295
9039,9040,102,1,103
9040,9041,996,21,1017
9041,9042,317,11,328
9042,9043,184,2,186
9043,9044,139,6,145
9044,9045,28939,244,29183
9045,9046,216,3,219
9046,9047,195,4,199
9047,9048,294,2,296
9048,9049,320,11,331
9049,9050,513,5,518
9050,9051,153,3,156
9051,9052,1887,18,1905
9052,9053,595,6,601
9053,9054,332,2,334
9054,9055,5717,96,5813
9055,9056,130,2,132
9056,9057,594,13,607
9057,9058,5316,40,5356
9058,9059,597,11,608
9059,9060,184,2,186
9060,9061,3922,92,4014
9061,9062,668,22,690
9062,9063,1587,9,1596
9063,9064,244,11,255
9064,9065,699,17,716
9065,9066,155,1,156
9066,9067,10661,123,10784
9067,9068,193,3,196
9068,9069,535,5,540
9069,9070,392,3,395
9070,9071,1142,9,1151
9071,9072,82,0,82
9072,9073,677,20,697
9073,9074,6404,47,6451
9074,9075,439,24,463
9075,9076,361,11,372
9076,9077,254,3,257
9077,9078,477,4,481
9078,9079,217,9,226
9079,9080,6967,162,7129
9080,9081,218,4,222
9081,9082,210,4,214
9082,9083,240,6,246
9083,9084,246,10,256
9084,9085,69,3,72
9085,9086,484,4,488
9086,9087,108,1,109
9087,9088,614,9,623
9088,9089,1114,106,1220
9089,9090,9682,43,9725
9090,9091,158,4,162
9091,9092,3218,28,3246
9092,9093,120,3,123
9093,9094,4208,28,4236
9094,9095,288,3,291
9095,9096,5424,53,5477
9096,9097,944,11,955
9097,9098,364,13,377
9098,9099,471,6,477
9099,9100,1479,48,1527
9100,9101,686,15,701
9101,9102,1610,13,1623
9102,9103,191,0,191
9103,9104,133,2,135
9104,9105,166,0,166
9105,9106,405,10,415
9106,9107,345,10,355
9107,9108,221,3,224
9108,9109,385,6,391
9109,9110,618,11,629
9110,9111,434,12,446
9111,9112,167,2,169
9112,9113,150,2,152
9113,9114,304,10,314
9114,9115,408,9,417
9115,9116,699,11,710
9116,9117,347,5,352
9117,9118,282,4,286
9118,9119,33,1,34
9119,9120,83,1,84
9120,9121,566,13,579
9121,9122,245,3,248
9122,9123,237,2,239
9123,9124,386,3,389
9124,9125,123,1,124
9125,9126,39,1,40
9126,9127,423,12,435
9127,9128,425,8,433
9128,9129,107,2,109
9129,9130,79,1,80
9130,9131,71,3,74
9131,9132,744,11,755
9132,9133,288,8,296
9133,9134,614,21,635
9134,9135,438,8,446
9135,9136,1344,38,1382
9136,9137,807,6,813
9137,9138,611,15,626
9138,9139,726,17,743
9139,9140,51,0,51
9140,9141,45,1,46
9141,9142,148,2,150
9142,9143,781,32,813
9143,9144,145,1,146
9144,9145,476,10,486
9145,9146,1619,16,1635
9146,9147,193,5,198
9147,9148,361,4,365
9148,9149,887,9,896
9149,9150,748,36,784
9150,9151,134,1,135
9151,9152,97,1,98
9152,9153,2076,32,2108
9153,9154,65,0,65
9154,9155,674,8,682
9155,9156,136,11,147
9156,9157,394,7,401
9157,9158,286,5,291
9158,9159,381,14,395
9159,9160,88,2,90
9160,9161,382,7,389
9161,9162,322,9,331
9162,9163,4601,149,4750
9163,9164,3497,170,3667
9164,9165,302,9,311
9165,9166,187,0,187
9166,9167,47,1,48
9167,9168,392,4,396
9168,9169,188,1,189
9169,9170,255,8,263
9170,9171,420,9,429
9171,9172,125,1,126
9172,9173,502,5,507
9173,9174,1985,47,2032
9174,9175,1103,41,1144
9175,9176,179,2,181
9176,9177,266,3,269
9177,9178,248,3,251
9178,9179,96,2,98
9179,9180,227,5,232
9180,9181,26,1,27
9181,9182,366,8,374
9182,9183,792,15,807
9183,9184,173,4,177
9184,9185,79,1,80
9185,9186,968,26,994
9186,9187,821,9,830
9187,9188,106,2,108
9188,9189,250,5,255
9189,9190,165,4,169
9190,9191,3475,135,3610
9191,9192,436,6,442
9192,9193,105,3,108
9193,9194,127,4,131
9194,9195,107,6,113
9195,9196,184,4,188
9196,9197,1190,46,1236
9197,9198,1109,23,1132
9198,9199,735,15,750
9199,9200,53,0,53
9200,9201,1041,25,1066
9201,9202,491,16,507
9202,9203,142,2,144
9203,9204,268,5,273
9204,9205,173,3,176
9205,9206,1729,32,1761
9206,9207,1431,10,1441
9207,9208,283,6,289
9208,9209,2116,39,2155
9209,9210,711,7,718
9210,9211,906,19,925
9211,9212,1632,21,1653
9212,9213,538,12,550
9213,9214,406,12,418
9214,9215,867,11,878
9215,9216,86,2,88
9216,9217,1755,19,1774
9217,9218,9174,166,9340
9218,9219,537,14,551
9219,9220,497,7,504
9220,9221,745,9,754
9221,9222,3321,103,3424
9222,9223,512,6,518
9223,9224,260,3,263
9224,9225,472,10,482
9225,9226,407,6,413
9226,9227,666,29,695
9227,9228,495,12,507
9228,9229,782,7,789
9229,9230,122,3,125
9230,9231,280,27,307
9231,9232,332,10,342
9232,9233,78,0,78
9233,9234,8833,188,9021
9234,9235,1048,27,1075
9235,9236,347,8,355
9236,9237,411,11,422
9237,9238,539,6,545
9238,9239,1092,86,1178
9239,9240,721,12,733
9240,9241,554,16,570
9241,9242,1061,23,1084
9242,9243,2745,73,2818
9243,9244,25,0,25
9244,9245,538,4,542
9245,9246,2049,18,2067
9246,9247,461,21,482
9247,9248,6461,136,6597
9248,9249,108,6,114
9249,9250,161,1,162
9250,9251,78,2,80
9251,9252,608,10,618
9252,9253,482,14,496
9253,9254,656,15,671
9254,9255,39,0,39
9255,9256,477,9,486
9256,9257,59,0,59
9257,9258,39,0,39
9258,9259,1820,30,1850
9259,9260,193,7,200
9260,9261,2039,10,2049
9261,9262,495,4,499
9262,9263,260,6,266
9263,9264,701,18,719
9264,9265,104,2,106
9265,9266,2189,41,2230
9266,9267,204,12,216
9267,9268,105,4,109
9268,9269,1851,19,1870
9269,9270,130,2,132
9270,9271,1112,24,1136
9271,9272,419,8,427
9272,9273,138,2,140
9273,9274,505,12,517
9274,9275,493,7,500
9275,9276,458,15,473
9276,9277,493,17,510
9277,9278,3535,73,3608
9278,9279,149,0,149
9279,9280,81,3,84
9280,9281,94,1,95
9281,9282,959,33,992
9282,9283,712,8,720
9283,9284,239,4,243
9284,9285,292,6,298
9285,9286,917,6,923
9286,9287,364,2,366
9287,9288,196,6,202
9288,9289,348,9,357
9289,9290,410,8,418
9290,9291,328,10,338
9291,9292,594,11,605
9292,9293,3759,54,3813
9293,9294,260,3,263
9294,9295,391,5,396
9295,9296,272,3,275
9296,9297,191,5,196
9297,9298,328,1,329
9298,9299,601,12,613
9299,9300,144,2,146
9300,9301,6109,111,6220
9301,9302,350,8,358
9302,9303,2021,70,2091
9303,9304,154,29,183
9304,9305,75,0,75
9305,9306,378,5,383
9306,9307,346,7,353
9307,9308,59,2,61
9308,9309,762,5,767
9309,9310,725,13,738
9310,9311,1161,17,1178
9311,9312,6716,200,6916
9312,9313,302,13,315
9313,9314,447,10,457
9314,9315,110,4,114
9315,9316,1105,21,1126
9316,9317,136,2,138
9317,9318,1387,33,1420
9318,9319,2033,33,2066
9319,9320,381,9,390
9320,9321,113,1,114
9321,9322,1651,32,1683
9322,9323,81,1,82
9323,9324,466,7,473
9324,9325,582,11,593
9325,9326,1168,17,1185
9326,9327,1171,40,1211
9327,9328,38,1,39
9328,9329,1014,27,1041
9329,9330,3237,54,3291
9330,9331,1578,31,1609
9331,9332,567,10,577
9332,9333,129,3,132
9333,9334,9980,119,10099
9334,9335,457,8,465
9335,9336,493,10,503
9336,9337,546,6,552
9337,9338,539,13,552
9338,9339,91,0,91
9339,9340,115,2,117
9340,9341,1740,28,1768
9341,9342,805,12,817
9342,9343,74,0,74
9343,9344,6844,161,7005
9344,9345,688,12,700
9345,9346,415,7,422
9346,9347,1316,22,1338
9347,9348,2564,40,2604
9348,9349,1026,22,1048
9349,9350,314,4,318
9350,9351,2077,24,2101
9351,9352,141,9,150
9352,9353,587,17,604
9353,9354,4496,128,4624
9354,9355,764,6,770
9355,9356,1572,31,1603
9356,9357,506,15,521
9357,9358,355,13,368
9358,9359,24,0,24
9359,9360,24488,264,24752
9360,9361,119,2,121
9361,9362,638,17,655
9362,9363,275,5,280
9363,9364,150,1,151
9364,9365,557,8,565
9365,9366,2303,115,2418
9366,9367,644,10,654
9367,9368,200,3,203
9368,9369,433,8,441
9369,9370,1256,16,1272
9370,9371,7293,127,7420
9371,9372,18191,122,18313
9372,9373,217,1,218
9373,9374,4843,108,4951
9374,9375,350,6,356
9375,9376,104,2,106
9376,9377,530,10,540
9377,9378,100,2,102
9378,9379,287,10,297
9379,9380,152,4,156
9380,9381,447,7,454
9381,9382,2109,58,2167
9382,9383,255,4,259
9383,9384,42,0,42
9384,9385,50,4,54
9385,9386,300,7,307
9386,9387,100,2,102
9387,9388,7968,250,8218
9388,9389,2506,31,2537
9389,9390,433,6,439
9390,9391,139,6,145
9391,9392,1994,34,2028
9392,9393,207,10,217
9393,9394,183,2,185
9394,9395,289,8,297
9395,9396,1637,15,1652
9396,9397,401,9,410
9397,9398,309,3,312
9398,9399,392,6,398
9399,9400,156,1,157
9400,9401,2545,69,2614
9401,9402,114,1,115
9402,9403,14442,157,14599
9403,9404,1203,21,1224
9404,9405,849,89,938
9405,9406,138,1,139
9406,9407,815,12,827
9407,9408,590,14,604
9408,9409,344,7,351
9409,9410,2250,42,2292
9410,9411,2944,28,2972
9411,9412,1048,17,1065
9412,9413,249,6,255
9413,9414,999,24,1023
9414,9415,790,15,805
9415,9416,220,1,221
9416,9417,1651,34,1685
9417,9418,3203,34,3237
9418,9419,347,9,356
9419,9420,37,0,37
9420,9421,235,2,237
9421,9422,1379,20,1399
9422,9423,1355,34,1389
9423,9424,5493,56,5549
9424,9425,850,16,866
9425,9426,727,11,738
9426,9427,554,14,568
9427,9428,640,21,661
9428,9429,477,15,492
9429,9430,233,5,238
9430,9431,450,8,458
9431,9432,303,17,320
9432,9433,59,2,61
9433,9434,136,2,138
9434,9435,290,10,300
9435,9436,245,7,252
9436,9437,810,15,825
9437,9438,97,2,99
9438,9439,863,19,882
9439,9440,5154,84,5238
9440,9441,1367,10,1377
9441,9442,2213,45,2258
9442,9443,961,20,981
9443,9444,36,0,36
9444,9445,194,4,198
9445,9446,136,5,141
9446,9447,619,11,630
9447,9448,348,6,354
9448,9449,308,8,316
9449,9450,189,4,193
9450,9451,212,7,219
9451,9452,241,8,249
9452,9453,439,11,450
9453,9454,70,1,71
9454,9455,1097,22,1119
9455,9456,139,3,142
9456,9457,157,1,158
9457,9458,7609,227,7836
9458,9459,1464,40,1504
9459,9460,980,11,991
9460,9461,582,2,584
9461,9462,855,12,867
9462,9463,573,10,583
9463,9464,171,3,174
9464,9465,30,0,30
9465,9466,1388,30,1418
9466,9467,597,8,605
9467,9468,222,6,228
9468,9469,244,5,249
9469,9470,155,6,161
9470,9471,100,2,102
9471,9472,3754,67,3821
9472,9473,3676,62,3738
9473,9474,82,7,89
9474,9475,163,4,167
9475,9476,466,8,474
9476,9477,90,3,93
9477,9478,355,7,362
9478,9479,684,28,712
9479,9480,227,5,232
9480,9481,1114,17,1131
9481,9482,253,6,259
9482,9483,648,8,656
9483,9484,5735,85,5820
9484,9485,241,4,245
9485,9486,106,6,112
9486,9487,367,10,377
9487,9488,1298,96,1394
9488,9489,260,6,266
9489,9490,198,4,202
9490,9491,70,3,73
9491,9492,126,4,130
9492,9493,357,10,367
9493,9494,495,11,506
9494,9495,609,4,613
9495,9496,5734,66,5800
9496,9497,424,14,438
9497,9498,6809,69,6878
9498,9499,1757,32,1789
9499,9500,3365,71,3436
9500,9501,65,0,65
9501,9502,186,5,191
9502,9503,1014,19,1033
9503,9504,33,1,34
9504,9505,177,3,180
9505,9506,51,0,51
9506,9507,461,11,472
9507,9508,997,20,1017
9508,9509,232,4,236
9509,9510,1454,16,1470
9510,9511,1601,25,1626
9511,9512,1550,186,1736
9512,9513,239,5,244
9513,9514,461,7,468
9514,9515,5510,50,5560
9515,9516,526,16,542
9516,9517,2192,38,2230
9517,9518,163,2,165
9518,9519,101,2,103
9519,9520,88,1,89
9520,9521,79,0,79
9521,9522,472,11,483
9522,9523,593,8,601
9523,9524,725,17,742
9524,9525,909,10,919
9525,9526,1263,24,1287
9526,9527,10026,163,10189
9527,9528,134,0,134
9528,9529,1768,20,1788
9529,9530,1235,21,1256
9530,9531,153,4,157
9531,9532,120,1,121
9532,9533,124,2,126
9533,9534,205,5,210
9534,9535,812,13,825
9535,9536,410,10,420
9536,9537,238,5,243
9537,9538,50,2,52
9538,9539,5273,52,5325
9539,9540,1058,13,1071
9540,9541,716,14,730
9541,9542,301,4,305
9542,9543,1162,29,1191
9543,9544,55,4,59
9544,9545,419,7,426
9545,9546,248,2,250
9546,9547,1675,19,1694
9547,9548,3768,35,3803
9548,9549,3702,81,3783
9549,9550,141,3,144
9550,9551,175,7,182
9551,9552,317,3,320
9552,9553,48,1,49
9553,9554,35,0,35
9554,9555,130,5,135
9555,9556,753,100,853
9556,9557,536,16,552
9557,9558,82,2,84
9558,9559,40,3,43
9559,9560,288,3,291
9560,9561,98,3,101
9561,9562,133,5,138
9562,9563,2172,34,2206
9563,9564,476,8,484
9564,9565,134,2,136
9565,9566,176,5,181
9566,9567,2267,47,2314
9567,9568,574,9,583
9568,9569,157,2,159
9569,9570,990,31,1021
9570,9571,198,5,203
9571,9572,671,5,676
9572,9573,91,0,91
9573,9574,1283,24,1307
9574,9575,2983,141,3124
9575,9576,1024,20,1044
9576,9577,1010,21,1031
9577,9578,333,4,337
9578,9579,175,5,180
9579,9580,1439,23,1462
9580,9581,330,8,338
9581,9582,110,0,110
9582,9583,312,6,318
9583,9584,153,2,155
9584,9585,177,1,178
9585,9586,1366,21,1387
9586,9587,2499,42,2541
9587,9588,8302,146,8448
9588,9589,213,5,218
9589,9590,337,8,345
9590,9591,77,1,78
9591,9592,134,2,136
9592,9593,6118,78,6196
9593,9594,9902,52,9954
9594,9595,926,15,941
9595,9596,56,1,57
9596,9597,508,10,518
9597,9598,177,1,178
9598,9599,341,8,349
9599,9600,387,6,393
9600,9601,868,16,884
9601,9602,684,12,696
9602,9603,346,6,352
9603,9604,226,4,230
9604,9605,248,7,255
9605,9606,356,9,365
9606,9607,2623,53,2676
9607,9608,1466,29,1495
9608,9609,317,9,326
9609,9610,9802,670,10472
9610,9611,153,2,155
9611,9612,47,1,48
9612,9613,120,2,122
9613,9614,3516,88,3604
9614,9615,9449,236,9685
9615,9616,512,9,521
9616,9617,516,5,521
9617,9618,189,7,196
9618,9619,1489,23,1512
9619,9620,773,14,787
9620,9621,227,4,231
9621,9622,192,5,197
9622,9623,1546,19,1565
9623,9624,279,1,280
9624,9625,739,10,749
9625,9626,317,9,326
9626,9627,398,16,414
9627,9628,2372,67,2439
9628,9629,16901,188,17089
9629,9630,393,6,399
9630,9631,5589,51,5640
9631,9632,1069,12,1081
9632,9633,2575,28,2603
9633,9634,134,4,138
9634,9635,414,7,421
9635,9636,750,21,771
9636,9637,208,7,215
9637,9638,412,7,419
9638,9639,540,5,545
9639,9640,183,0,183
9640,9641,107,2,109
9641,9642,147,6,153
9642,9643,495,13,508
9643,9644,119,0,119
9644,9645,190,3,193
9645,9646,1072,35,1107
9646,9647,145,4,149
9647,9648,104,8,112
9648,9649,203,0,203
9649,9650,484,11,495
9650,9651,157,2,159
9651,9652,163,8,171
9652,9653,445,9,454
9653,9654,69,0,69
9654,9655,1517,22,1539
9655,9656,788,19,807
9656,9657,478,14,492
9657,9658,3564,67,3631
9658,9659,44,1,45
9659,9660,324,4,328
9660,9661,292,5,297
9661,9662,94,6,100
9662,9663,780,17,797
9663,9664,587,9,596
9664,9665,365,3,368
9665,9666,379,9,388
9666,9667,661,20,681
9667,9668,1224,17,1241
9668,9669,1075,11,1086
9669,9670,206,7,213
9670,9671,180,4,184
9671,9672,444,5,449
9672,9673,1735,134,1869
9673,9674,283,3,286
9674,9675,2359,51,2410
9675,9676,1669,34,1703
9676,9677,217,0,217
9677,9678,65,3,68
9678,9679,1438,48,1486
9679,9680,300,4,304
9680,9681,4247,104,4351
9681,9682,215,3,218
9682,9683,144,5,149
9683,9684,141,2,143
9684,9685,199,3,202
9685,9686,5781,43,5824
9686,9687,508,10,518
9687,9688,261,4,265
9688,9689,2016,24,2040
9689,9690,239,2,241
9690,9691,5924,111,6035
9691,9692,316,6,322
9692,9693,2698,55,2753
9693,9694,84,3,87
9694,9695,467,9,476
9695,9696,97,0,97
9696,9697,137,4,141
9697,9698,1402,18,1420
9698,9699,1282,22,1304
9699,9700,341,7,348
9700,9701,1492,42,1534
9701,9702,2290,63,2353
9702,9703,939,26,965
9703,9704,1886,84,1970
9704,9705,521,8,529
9705,9706,1286,30,1316
9706,9707,13641,18,13659
9707,9708,0,0,0
9708,9709,647,17,664
9709,9710,259,8,267
9710,9711,704,17,721
9711,9712,518,8,526
9712,9713,1112,35,1147
9713,9714,21010,266,21276
9714,9715,1834,19,1853
9715,9716,227,6,233
9716,9717,4938,69,5007
9717,9718,196,3,199
9718,9719,583,14,597
9719,9720,474,9,483
9720,9721,196,7,203
9721,9722,175,3,178
9722,9723,131,5,136
9723,9724,188,1,189
9724,9725,382,11,393
9725,9726,5598,93,5691
9726,9727,1635,25,1660
9727,9728,154,2,156
9728,9729,2428,30,2458
9729,9730,324,3,327
9730,9731,156,1,157
9731,9732,3237,73,3310
9732,9733,1722,52,1774
9733,9734,119,2,121
9734,9735,705,15,720
9735,9736,974,21,995
9736,9737,2313,56,2369
9737,9738,241,8,249
9738,9739,2067,43,2110
9739,9740,11972,93,12065
9740,9741,5057,79,5136
9741,9742,228,5,233
9742,9743,682,46,728
9743,9744,282,8,290
9744,9745,170,5,175
9745,9746,447,6,453
9746,9747,147,2,149
9747,9748,883,7,890
9748,9749,462,12,474
9749,9750,218,8,226
9750,9751,109,4,113
9751,9752,406,8,414
9752,9753,2056,38,2094
9753,9754,127,3,130
9754,9755,520,15,535
9755,9756,802,29,831
9756,9757,218,4,222
9757,9758,340,0,340
9758,9759,3818,105,3923
9759,9760,365,7,372
9760,9761,480,7,487
9761,9762,89,1,90
9762,9763,532,14,546
9763,9764,536,9,545
9764,9765,900,18,918
9765,9766,93,4,97
9766,9767,95,4,99
9767,9768,309,5,314
9768,9769,2225,25,2250
9769,9770,546,6,552
9770,9771,986,23,1009
9771,9772,232,5,237
9772,9773,150,7,157
9773,9774,28,1,29
9774,9775,238,8,246
9775,9776,488,10,498
9776,9777,2038,35,2073
9777,9778,165,3,168
9778,9779,124,2,126
9779,9780,297,3,300
9780,9781,9493,325,9818
9781,9782,117,1,118
9782,9783,1381,18,1399
9783,9784,941,14,955
9784,9785,156,1,157
9785,9786,1325,38,1363
9786,9787,2146,30,2176
9787,9788,466,9,475
9788,9789,142,2,144
9789,9790,1084,26,1110
9790,9791,3949,69,4018
9791,9792,151,4,155
9792,9793,405,10,415
9793,9794,3011,30,3041
9794,9795,133,3,136
9795,9796,170,0,170
9796,9797,189,7,196
9797,9798,1081,28,1109
9798,9799,420,8,428
9799,9800,334,9,343
9800,9801,10301,523,10824
9801,9802,201,5,206
9802,9803,680,12,692
9803,9804,622,16,638
9804,9805,185,5,190
9805,9806,332,2,334
9806,9807,409,19,428
9807,9808,237,3,240
9808,9809,490,8,498
9809,9810,12170,329,12499
9810,9811,1840,183,2023
9811,9812,1251,22,1273
9812,9813,23211,234,23445
9813,9814,1155,21,1176
9814,9815,238,3,241
9815,9816,336,15,351
9816,9817,198,1,199
9817,9818,432,9,441
9818,9819,232,2,234
9819,9820,588,3,591
9820,9821,886,19,905
9821,9822,464,6,470
9822,9823,505,7,512
9823,9824,621,14,635
9824,9825,386,3,389
9825,9826,234,6,240
9826,9827,173,6,179
9827,9828,900,16,916
9828,9829,134,3,137
9829,9830,674,7,681
9830,9831,1220,18,1238
9831,9832,579,16,595
9832,9833,173,3,176
9833,9834,13,0,13
9834,9835,549,8,557
9835,9836,99,1,100
9836,9837,503,25,528
9837,9838,1696,33,1729
9838,9839,328,7,335
9839,9840,2633,53,2686
9840,9841,182,4,186
9841,9842,1809,18,1827
9842,9843,3934,74,4008
9843,9844,899,17,916
9844,9845,355,4,359
9845,9846,998,18,1016
9846,9847,145,5,150
9847,9848,103,1,104
9848,9849,330,5,335
9849,9850,877,9,886
9850,9851,205,2,207
9851,9852,105,1,106
9852,9853,51,1,52
9853,9854,237,4,241
9854,9855,280,10,290
9855,9856,265,2,267
9856,9857,8800,204,9004
9857,9858,108,3,111
9858,9859,1327,24,1351
9859,9860,901,189,1090
9860,9861,846,23,869
9861,9862,108,2,110
9862,9863,541,15,556
9863,9864,340,8,348
9864,9865,158,5,163
9865,9866,525,5,530
9866,9867,2617,64,2681
9867,9868,15696,463,16159
9868,9869,203,10,213
9869,9870,469,5,474
9870,9871,44,1,45
9871,9872,3033,73,3106
9872,9873,514,10,524
9873,9874,118,4,122
9874,9875,640,9,649
9875,9876,25,0,25
9876,9877,146,2,148
9877,9878,7066,97,7163
9878,9879,258,5,263
9879,9880,317,1,318
9880,9881,501,9,510
9881,9882,200,3,203
9882,9883,133,6,139
9883,9884,3172,35,3207
9884,9885,247,1,248
9885,9886,902,228,1130
9886,9887,226,3,229
9887,9888,681,11,692
9888,9889,5,0,5
9889,9890,252,8,260
9890,9891,438,15,453
9891,9892,552,10,562
9892,9893,481,12,493
9893,9894,1052,13,1065
9894,9895,52,1,53
9895,9896,377,14,391
9896,9897,954,19,973
9897,9898,139,1,140
9898,9899,5710,57,5767
9899,9900,25531,231,25762
9900,9901,71,1,72
9901,9902,2007,16,2023
9902,9903,13235,724,13959
9903,9904,13466,141,13607
9904,9905,1941,13,1954
9905,9906,1199,18,1217
9906,9907,1591,26,1617
9907,9908,2232,32,2264
9908,9909,149,6,155
9909,9910,137,2,139
9910,9911,52008,419,52427
9911,9912,72,0,72
9912,9913,121,4,125
9913,9914,1070,27,1097
9914,9915,1726,13,1739
9915,9916,171,3,174
9916,9917,318,8,326
9917,9918,170,2,172
9918,9919,87,3,90
9919,9920,392,13,405
9920,9921,321,12,333
9921,9922,533,5,538
9922,9923,5893,161,6054
9923,9924,133,0,133
9924,9925,337,12,349
9925,9926,61,2,63
9926,9927,470,8,478
9927,9928,309,3,312
9928,9929,508,35,543
9929,9930,376,4,380
9930,9931,75,3,78
9931,9932,140,0,140
9932,9933,79,1,80
9933,9934,789,16,805
9934,9935,190,6,196
9935,9936,1528,25,1553
9936,9937,249,3,252
9937,9938,245,3,248
9938,9939,133,2,135
9939,9940,450,50,500
9940,9941,848,24,872
9941,9942,514,11,525
9942,9943,127,4,131
9943,9944,3095,40,3135
9944,9945,117,2,119
9945,9946,125,3,128
9946,9947,161,3,164
9947,9948,935,18,953
9948,9949,706,8,714
9949,9950,3544,71,3615
9950,9951,1045,19,1064
9951,9952,21597,290,21887
9952,9953,3101,47,3148
9953,9954,5121,88,5209
9954,9955,138,3,141
9955,9956,93,2,95
9956,9957,178,1,179
9957,9958,237,6,243
9958,9959,63,4,67
9959,9960,81,0,81
9960,9961,1096,33,1129
9961,9962,397,9,406
9962,9963,334,11,345
9963,9964,570,4,574
9964,9965,308,12,320
9965,9966,1462,18,1480
9966,9967,163,1,164
9967,9968,233,1,234
9968,9969,1316,14,1330
9969,9970,2165,49,2214
9970,9971,261,6,267
9971,9972,3923,75,3998
9972,9973,3812,198,4010
9973,9974,123,2,125
9974,9975,220,4,224
9975,9976,265,12,277
9976,9977,101,2,103
9977,9978,256,9,265
9978,9979,2113,28,2141
9979,9980,735,14,749
9980,9981,505,4,509
9981,9982,113,1,114
9982,9983,1811,55,1866
9983,9984,754,4,758
9984,9985,598,4,602
9985,9986,290,2,292
9986,9987,1298,13,1311
9987,9988,522,7,529
9988,9989,76512,898,77410
9989,9990,442,11,453
9990,9991,258,6,264
9991,9992,214,4,218
9992,9993,1168,40,1208
9993,9994,126,0,126
9994,9995,15687,183,15870
9995,9996,41,0,41
9996,9997,537,13,550
9997,9998,96,3,99
9998,9999,9791,61,9852
9999,10000,129,3,132
10000,10001,200,5,205
10001,10002,513,6,519
10002,10003,231,3,234
10003,10004,53,1,54
10004,10005,797,13,810
10005,10006,359,10,369
10006,10007,81,1,82
10007,10008,244,3,247
10008,10009,58,0,58
10009,10010,2266,40,2306
10010,10011,273,2,275
10011,10012,643,19,662
10012,10013,480,10,490
10013,10014,127,4,131
10014,10015,111,0,111
10015,10016,90,4,94
10016,10017,337,3,340
10017,10018,204,3,207
10018,10019,9864,484,10348
10019,10020,165,2,167
10020,10021,2629,30,2659
10021,10022,96,2,98
10022,10023,432,5,437
10023,10024,356,5,361
10024,10025,3797,123,3920
10025,10026,1176,15,1191
10026,10027,1224,22,1246
10027,10028,447,16,463
10028,10029,20595,653,21248
10029,10030,146,2,148
10030,10031,255,6,261
10031,10032,214,6,220
10032,10033,575,10,585
10033,10034,687,17,704
10034,10035,199,2,201
10035,10036,5449,219,5668
10036,10037,663,8,671
10037,10038,156,3,159
10038,10039,263,8,271
10039,10040,79,0,79
10040,10041,195,2,197
10041,10042,208,6,214
10042,10043,704,13,717
10043,10044,428,14,442
10044,10045,1609,23,1632
10045,10046,281,5,286
10046,10047,154,4,158
10047,10048,421,6,427
10048,10049,448,12,460
10049,10050,1131,20,1151
10050,10051,6434,38,6472
10051,10052,1625,33,1658
10052,10053,3934,75,4009
10053,10054,174,8,182
10054,10055,115,0,115
10055,10056,4125,53,4178
10056,10057,224,7,231
10057,10058,199,2,201
10058,10059,261,2,263
10059,10060,425,9,434
10060,10061,401,9,410
10061,10062,393,4,397
10062,10063,191,5,196
10063,10064,167,4,171
10064,10065,11563,191,11754
10065,10066,119,2,121
10066,10067,691,9,700
10067,10068,156,4,160
10068,10069,369,9,378
10069,10070,49,0,49
10070,10071,2231,105,2336
10071,10072,349,13,362
10072,10073,719,19,738
10073,10074,484,20,504
10074,10075,526,3,529
10075,10076,320,8,328
10076,10077,1077,12,1089
10077,10078,171,4,175
10078,10079,1311,19,1330
10079,10080,1330,28,1358
10080,10081,776,21,797
10081,10082,287,13,300
10082,10083,78,1,79
10083,10084,1157,30,1187
10084,10085,919,18,937
10085,10086,639,19,658
10086,10087,212,3,215
10087,10088,254,3,257
10088,10089,99,0,99
10089,10090,458,4,462
10090,10091,180,9,189
10091,10092,205,5,210
10092,10093,2099,25,2124
10093,10094,1487,43,1530
10094,10095,1379,35,1414
10095,10096,65,1,66
10096,10097,186,5,191
10097,10098,391,5,396
10098,10099,126,2,128
10099,10100,240,7,247
10100,10101,1192,14,1206
10101,10102,100,2,102
10102,10103,173,1,174
10103,10104,105,2,107
10104,10105,343,3,346
10105,10106,3733,53,3786
10106,10107,93,3,96
10107,10108,80,0,80
10108,10109,213,5,218
10109,10110,2841,46,2887
10110,10111,88,1,89
10111,10112,906,14,920
10112,10113,106,2,108
10113,10114,459,3,462
10114,10115,171,2,173
10115,10116,178,3,181
10116,10117,154,4,158
10117,10118,119,3,122
10118,10119,776,12,788
10119,10120,169,2,171
10120,10121,490,8,498
10121,10122,32,0,32
10122,10123,737,11,748
10123,10124,1594,33,1627
10124,10125,475,12,487
10125,10126,597,13,610
10126,10127,451,6,457
10127,10128,59,1,60
10128,10129,77,1,78
10129,10130,191,2,193
10130,10131,530,7,537
10131,10132,182,8,190
10132,10133,540,31,571
10133,10134,244,3,247
10134,10135,37394,170,37564
10135,10136,240,5,245
10136,10137,100,4,104
10137,10138,834,8,842
10138,10139,188,7,195
10139,10140,1383,35,1418
10140,10141,268,4,272
10141,10142,2052,39,2091
10142,10143,651,9,660
10143,10144,367,4,371
10144,10145,530,5,535
10145,10146,2295,39,2334
10146,10147,327,8,335
10147,10148,110,3,113
10148,10149,6105,194,6299
10149,10150,2423,61,2484
10150,10151,156,2,158
10151,10152,181,4,185
10152,10153,134,1,135
10153,10154,244,3,247
10154,10155,506,7,513
10155,10156,497,5,502
10156,10157,271,9,280
10157,10158,953,26,979
10158,10159,195,9,204
10159,10160,85,1,86
10160,10161,51,4,55
10161,10162,82,3,85
10162,10163,1926,37,1963
10163,10164,297,28,325
10164,10165,110,7,117
10165,10166,376,4,380
10166,10167,137,3,140
10167,10168,597,8,605
10168,10169,83,1,84
10169,10170,37,1,38
10170,10171,305,6,311
10171,10172,361,7,368
10172,10173,163,7,170
10173,10174,502,7,509
10174,10175,335,7,342
10175,10176,217,5,222
10176,10177,1037,20,1057
10177,10178,222,6,228
10178,10179,2447,20,2467
10179,10180,440,11,451
10180,10181,870,17,887
10181,10182,109,4,113
10182,10183,46,0,46
10183,10184,1726,35,1761
10184,10185,4266,58,4324
10185,10186,350,4,354
10186,10187,99,4,103
10187,10188,238,4,242
10188,10189,49,3,52
10189,10190,735,10,745
10190,10191,305,5,310
10191,10192,213,3,216
10192,10193,331,5,336
10193,10194,84,1,85
10194,10195,2889,46,2935
10195,10196,194,3,197
10196,10197,438,10,448
10197,10198,497,4,501
10198,10199,574,8,582
10199,10200,1145,37,1182
10200,10201,151,1,152
10201,10202,204,3,207
10202,10203,167,4,171
10203,10204,190,6,196
10204,10205,265,4,269
10205,10206,652,9,661
10206,10207,581,5,586
10207,10208,164,0,164
10208,10209,146,2,148
10209,10210,7499,41,7540
10210,10211,971,3,974
10211,10212,102,2,104
10212,10213,329,13,342
10213,10214,812,8,820
10214,10215,289,4,293
10215,10216,797,8,805
10216,10217,162,6,168
10217,10218,413,13,426
10218,10219,71,1,72
10219,10220,90,9,99
10220,10221,672,7,679
10221,10222,234,6,240
10222,10223,137,2,139
10223,10224,228,6,234
10224,10225,893,23,916
10225,10226,679,21,700
10226,10227,287,6,293
10227,10228,2958,70,3028
10228,10229,517,12,529
10229,10230,287,9,296
10230,10231,584,13,597
10231,10232,282,5,287
10232,10233,1017,13,1030
10233,10234,157,5,162
10234,10235,880,12,892
10235,10236,183,8,191
10236,10237,710,12,722
10237,10238,1726,48,1774
10238,10239,488,11,499
10239,10240,2181,43,2224
10240,10241,571,8,579
10241,10242,580,13,593
10242,10243,1719,31,1750
10243,10244,370,8,378
10244,10245,742,14,756
10245,10246,3290,33,3323
10246,10247,75,0,75
10247,10248,308,7,315
10248,10249,288,11,299
10249,10250,364,4,368
10250,10251,432,6,438
10251,10252,105,1,106
10252,10253,109,5,114
10253,10254,85,3,88
10254,10255,12725,120,12845
10255,10256,46,1,47
10256,10257,253,2,255
10257,10258,703,11,714
10258,10259,367,5,372
10259,10260,166,8,174
10260,10261,185,0,185
10261,10262,398,11,409
10262,10263,490,4,494
10263,10264,92,2,94
10264,10265,258,6,264
10265,10266,650,7,657
10266,10267,618,8,626
10267,10268,1816,33,1849
10268,10269,180,5,185
10269,10270,4491,98,4589
10270,10271,521,6,527
10271,10272,983,15,998
10272,10273,1194,26,1220
10273,10274,515,15,530
10274,10275,3392,59,3451
10275,10276,235,5,240
10276,10277,168,4,172
10277,10278,1990,46,2036
10278,10279,467,8,475
10279,10280,168,4,172
10280,10281,370,6,376
10281,10282,80,1,81
10282,10283,1942,21,1963
10283,10284,252,10,262
10284,10285,91,2,93
10285,10286,984,13,997
10286,10287,700,6,706
10287,10288,1043,24,1067
10288,10289,1041,15,1056
10289,10290,517,16,533
10290,10291,380,7,387
10291,10292,206,4,210
10292,10293,59,0,59
10293,10294,247,4,251
10294,10295,82,2,84
10295,10296,1449,23,1472
10296,10297,1142,34,1176
10297,10298,739,10,749
10298,10299,210,4,214
10299,10300,809,24,833
10300,10301,728,14,742
10301,10302,159,5,164
10302,10303,2899,99,2998
10303,10304,1928,49,1977
10304,10305,23028,227,23255
10305,10306,73,0,73
10306,10307,79,4,83
10307,10308,6271,149,6420
10308,10309,2096,55,2151
10309,10310,308,3,311
10310,10311,3216,57,3273
10311,10312,686,20,706
10312,10313,1361,33,1394
10313,10314,6584,78,6662
10314,10315,349,8,357
10315,10316,9292,162,9454
10316,10317,125,0,125
10317,10318,97,4,101
10318,10319,583,8,591
10319,10320,124,4,128
10320,10321,552,6,558
10321,10322,2352,242,2594
10322,10323,174,2,176
10323,10324,386,6,392
10324,10325,144,3,147
10325,10326,132,1,133
10326,10327,375,9,384
10327,10328,258,2,260
10328,10329,27,0,27
10329,10330,13,0,13
10330,10331,230,4,234
10331,10332,164,3,167
10332,10333,53,0,53
10333,10334,99,4,103
10334,10335,72,2,74
10335,10336,253,7,260
10336,10337,253,4,257
10337,10338,344,6,350
10338,10339,1602,27,1629
10339,10340,1328,35,1363
10340,10341,701,20,721
10341,10342,54458,843,55301
10342,10343,1316,32,1348
10343,10344,520,11,531
10344,10345,84,0,84
10345,10346,128,1,129
10346,10347,304,7,311
10347,10348,236,6,242
10348,10349,157,1,158
10349,10350,189,2,191
10350,10351,558,7,565
10351,10352,211,4,215
10352,10353,338,3,341
10353,10354,88,1,89
10354,10355,1970,14,1984
10355,10356,3342,44,3386
10356,10357,609,14,623
10357,10358,1069,22,1091
10358,10359,1389,14,1403
10359,10360,166,3,169
10360,10361,261,1,262
10361,10362,3423,56,3479
10362,10363,135,4,139
10363,10364,181,4,185
10364,10365,240,3,243
10365,10366,382,9,391
10366,10367,162,1,163
10367,10368,778,18,796
10368,10369,498,4,502
10369,10370,466,24,490
10370,10371,1389,11,1400
10371,10372,443,9,452
10372,10373,373,19,392
10373,10374,43,2,45
10374,10375,339,14,353
10375,10376,236,0,236
10376,10377,130,2,132
10377,10378,3280,48,3328
10378,10379,4755,99,4854
10379,10380,274,6,280
10380,10381,421,7,428
10381,10382,1366,23,1389
10382,10383,5608,127,5735
10383,10384,179,8,187
10384,10385,1466,21,1487
10385,10386,118,8,126
10386,10387,1964,32,1996
10387,10388,82,3,85
10388,10389,134,5,139
10389,10390,149,3,152
10390,10391,10161,188,10349
10391,10392,979,41,1020
10392,10393,106,0,106
10393,10394,2162,41,2203
10394,10395,3001,55,3056
10395,10396,143,3,146
10396,10397,1179,12,1191
10397,10398,18041,288,18329
10398,10399,1698,14,1712
10399,10400,112,3,115
10400,10401,98,4,102
10401,10402,2349,61,2410
10402,10403,1713,48,1761
10403,10404,473,6,479
10404,10405,127,5,132
10405,10406,83,1,84
10406,10407,1660,41,1701
10407,10408,281,6,287
10408,10409,142,2,144
10409,10410,94,0,94
10410,10411,253,6,259
10411,10412,686,17,703
10412,10413,268,2,270
10413,10414,3318,62,3380
10414,10415,594,15,609
10415,10416,1458,17,1475
10416,10417,1142,85,1227
10417,10418,1257,27,1284
10418,10419,564,9,573
10419,10420,1433,43,1476
10420,10421,730,9,739
10421,10422,762,13,775
10422,10423,480,18,498
10423,10424,352,7,359
10424,10425,1289,246,1535
10425,10426,667,13,680
10426,10427,270,2,272
10427,10428,844,19,863
10428,10429,91,3,94
10429,10430,125,4,129
10430,10431,534,11,545
10431,10432,158,6,164
10432,10433,1811,59,1870
10433,10434,381,7,388
10434,10435,477,9,486
10435,10436,670,43,713
10436,10437,3130,27,3157
10437,10438,1084,15,1099
10438,10439,39661,199,39860
10439,10440,1525,24,1549
10440,10441,250,4,254
10441,10442,15265,323,15588
10442,10443,1311,15,1326
10443,10444,318,5,323
10444,10445,124,1,125
10445,10446,2344,42,2386
10446,10447,10071,108,10179
10447,10448,1224,9,1233
10448,10449,6860,98,6958
10449,10450,665,13,678
10450,10451,627,16,643
10451,10452,2526,31,2557
10452,10453,291,11,302
10453,10454,138,2,140
10454,10455,373,3,376
10455,10456,308,10,318
10456,10457,140,1,141
10457,10458,201,0,201
10458,10459,702,13,715
10459,10460,308,6,314
10460,10461,733,26,759
10461,10462,115,0,115
10462,10463,173,2,175
10463,10464,821,18,839
10464,10465,375,5,380
10465,10466,3022,55,3077
10466,10467,174,5,179
10467,10468,36,0,36
10468,10469,78,6,84
10469,10470,3693,57,3750
10470,10471,3632,102,3734
10471,10472,1243,18,1261
10472,10473,361,5,366
10473,10474,2480,84,2564
10474,10475,285,8,293
10475,10476,1405,34,1439
10476,10477,127,5,132
10477,10478,2476,64,2540
10478,10479,57,1,58
10479,10480,5041,49,5090
10480,10481,5585,107,5692
10481,10482,726,9,735
10482,10483,92,0,92
10483,10484,230,7,237
10484,10485,418,5,423
10485,10486,690,9,699
10486,10487,3028,35,3063
10487,10488,4098,102,4200
10488,10489,5830,197,6027
10489,10490,413,4,417
10490,10491,338,1,339
10491,10492,190,8,198
10492,10493,327,5,332
10493,10494,468,5,473
10494,10495,40631,1545,42176
10495,10496,280,3,283
10496,10497,147,4,151
10497,10498,2375,53,2428
10498,10499,223,7,230
10499,10500,281,6,287
10500,10501,147,0,147
10501,10502,2108,35,2143
10502,10503,17795,438,18233
10503,10504,3740,46,3786
10504,10505,425,8,433
10505,10506,21521,338,21859
10506,10507,520,11,531
10507,10508,129,4,133
10508,10509,280,4,284
10509,10510,264,6,270
10510,10511,127,3,130
10511,10512,1600,25,1625
10512,10513,1283,24,1307
10513,10514,445,11,456
10514,10515,437,11,448
10515,10516,1945,38,1983
10516,10517,117,2,119
10517,10518,679,13,692
10518,10519,3078,49,3127
10519,10520,7893,68,7961
10520,10521,43239,94,43333
10521,10522,280,8,288
10522,10523,1928,14,1942
10523,10524,223,3,226
10524,10525,155,3,158
10525,10526,498,8,506
10526,10527,121,0,121
10527,10528,1050,32,1082
10528,10529,1356,23,1379
10529,10530,220,2,222
10530,10531,710,12,722
10531,10532,921,22,943
10532,10533,634,24,658
10533,10534,4940,50,4990
10534,10535,261,9,270
10535,10536,154,4,158
10536,10537,491,11,502
10537,10538,402,10,412
10538,10539,210,6,216
10539,10540,207,4,211
10540,10541,731,18,749
10541,10542,281,8,289
10542,10543,73,0,73
10543,10544,121,0,121
10544,10545,5303,99,5402
10545,10546,797,15,812
10546,10547,3058,52,3110
10547,10548,409,10,419
10548,10549,2614,55,2669
10549,10550,862,14,876
10550,10551,168,2,170
10551,10552,678,4,682
10552,10553,1494,34,1528
10553,10554,360,9,369
10554,10555,254,2,256
10555,10556,488,20,508
10556,10557,4173,56,4229
10557,10558,53,0,53
10558,10559,253,8,261
10559,10560,312,7,319
10560,10561,830,37,867
10561,10562,5235,74,5309
10562,10563,837,7,844
10563,10564,347,5,352
10564,10565,35,0,35
10565,10566,203,0,203
10566,10567,250,3,253
10567,10568,112,1,113
10568,10569,226,8,234
10569,10570,109,1,110
10570,10571,246,7,253
10571,10572,431,10,441
10572,10573,115,0,115
10573,10574,730,16,746
10574,10575,1382,15,1397
10575,10576,467,15,482
10576,10577,100,4,104
10577,10578,605,19,624
10578,10579,341,7,348
10579,10580,606,13,619
10580,10581,341,9,350
10581,10582,139,2,141
10582,10583,291,5,296
10583,10584,57,0,57
10584,10585,570,9,579
10585,10586,1956,25,1981
10586,10587,784,17,801
10587,10588,584,7,591
10588,10589,281,2,283
10589,10590,590,12,602
10590,10591,54,1,55
10591,10592,273,11,284
10592,10593,71,0,71
10593,10594,73,0,73
10594,10595,1290,30,1320
10595,10596,123,2,125
10596,10597,1619,22,1641
10597,10598,723,14,737
10598,10599,314,7,321
10599,10600,471,11,482
10600,10601,252,1,253
10601,10602,439,10,449
10602,10603,502,9,511
10603,10604,7561,79,7640
10604,10605,296,5,301
10605,10606,397,3,400
10606,10607,666,12,678
10607,10608,79,0,79
10608,10609,954,57,1011
10609,10610,250,2,252
10610,10611,3652,132,3784
10611,10612,701,16,717
10612,10613,215,4,219
10613,10614,105,1,106
10614,10615,145,1,146
10615,10616,87,4,91
10616,10617,901,13,914
10617,10618,140,12,152
10618,10619,1011,14,1025
10619,10620,541,19,560
10620,10621,13181,221,13402
10621,10622,5509,105,5614
10622,10623,105,3,108
10623,10624,425,13,438
10624,10625,2827,642,3469
10625,10626,58,1,59
10626,10627,275,8,283
10627,10628,3677,48,3725
10628,10629,1317,20,1337
10629,10630,161,4,165
10630,10631,238,2,240
10631,10632,131,6,137
10632,10633,116,3,119
10633,10634,3894,76,3970
10634,10635,1505,32,1537
10635,10636,5231,44,5275
10636,10637,682,20,702
10637,10638,125,1,126
10638,10639,1330,23,1353
10639,10640,8570,169,8739
10640,10641,946,21,967
10641,10642,647,17,664
10642,10643,317,6,323
10643,10644,835,18,853
10644,10645,48530,216,48746
10645,10646,72,2,74
10646,10647,728,11,739
10647,10648,641,22,663
10648,10649,676,16,692
10649,10650,497,5,502
10650,10651,90,2,92
10651,10652,115,4,119
10652,10653,1594,43,1637
10653,10654,447,2,449
10654,10655,652,4,656
10655,10656,18815,106,18921
10656,10657,378,6,384
10657,10658,886,21,907
10658,10659,338,85,423
10659,10660,1746,65,1811
10660,10661,447,4,451
10661,10662,50,0,50
10662,10663,1969,53,2022
10663,10664,44,0,44
10664,10665,424,19,443
10665,10666,352,11,363
10666,10667,85,2,87
10667,10668,80,3,83
10668,10669,230,1,231
10669,10670,601,12,613
10670,10671,1328,23,1351
10671,10672,98,4,102
10672,10673,268,1,269
10673,10674,1117,34,1151
10674,10675,139,1,140
10675,10676,134,2,136
10676,10677,118,0,118
10677,10678,2581,72,2653
10678,10679,433,5,438
10679,10680,36,0,36
10680,10681,197,5,202
10681,10682,530,16,546
10682,10683,47,1,48
10683,10684,313,6,319
10684,10685,87,4,91
10685,10686,48,0,48
10686,10687,129,9,138
10687,10688,645,7,652
10688,10689,76,4,80
10689,10690,530,13,543
10690,10691,728,24,752
10691,10692,296,10,306
10692,10693,1326,21,1347
10693,10694,211,3,214
10694,10695,769,9,778
10695,10696,178,4,182
10696,10697,218,7,225
10697,10698,18,0,18
10698,10699,125,5,130
10699,10700,1182,23,1205
10700,10701,61,1,62
10701,10702,49,0,49
10702,10703,123,1,124
10703,10704,107,1,108
10704,10705,115,2,117
10705,10706,311,8,319
10706,10707,391,4,395
10707,10708,52,0,52
10708,10709,3449,55,3504
10709,10710,1258,17,1275
10710,10711,172,7,179
10711,10712,550,10,560
10712,10713,431,4,435
10713,10714,10289,86,10375
10714,10715,230,5,235
10715,10716,60,2,62
10716,10717,923,35,958
10717,10718,1016,24,1040
10718,10719,75,0,75
10719,10720,2637,90,2727
10720,10721,32,1,33
10721,10722,509,11,520
10722,10723,148,1,149
10723,10724,183,4,187
10724,10725,2586,31,2617
10725,10726,485,7,492
10726,10727,617,17,634
10727,10728,452,95,547
10728,10729,121,6,127
10729,10730,3048,41,3089
10730,10731,177,1,178
10731,10732,706,10,716
10732,10733,13121,270,13391
10733,10734,717,28,745
10734,10735,331,13,344
10735,10736,27,1,28
10736,10737,255,10,265
10737,10738,4219,55,4274
10738,10739,210,6,216
10739,10740,511,20,531
10740,10741,4131,60,4191
10741,10742,797,36,833
10742,10743,171,3,174
10743,10744,376,5,381
10744,10745,41,1,42
10745,10746,4916,47,4963
10746,10747,581,21,602
10747,10748,107,4,111
10748,10749,101,1,102
10749,10750,2057,34,2091
10750,10751,458,216,674
10751,10752,13566,408,13974
10752,10753,95,2,97
10753,10754,142,1,143
10754,10755,525,8,533
10755,10756,21007,595,21602
10756,10757,274,1,275
10757,10758,6507,79,6586
10758,10759,675,15,690
10759,10760,9887,90,9977
10760,10761,241,5,246
10761,10762,53,1,54
10762,10763,276,8,284
10763,10764,237,5,242
10764,10765,547,15,562
10765,10766,78,3,81
10766,10767,434,10,444
10767,10768,62,1,63
10768,10769,210,5,215
10769,10770,292,0,292
10770,10771,134,7,141
10771,10772,259,15,274
10772,10773,1599,11,1610
10773,10774,178,3,181
10774,10775,460,3,463
10775,10776,118,4,122
10776,10777,35,0,35
10777,10778,501,13,514
10778,10779,1691,38,1729
10779,10780,137,6,143
10780,10781,1013,38,1051
10781,10782,720,6,726
10782,10783,3042,78,3120
10783,10784,473,3,476
10784,10785,631,19,650
10785,10786,240,6,246
10786,10787,272,4,276
10787,10788,401,6,407
10788,10789,789,16,805
10789,10790,719,20,739
10790,10791,3016,69,3085
10791,10792,450,7,457
10792,10793,40,0,40
10793,10794,74,1,75
10794,10795,202,6,208
10795,10796,1874,35,1909
10796,10797,66,1,67
10797,10798,46,0,46
10798,10799,65,1,66
10799,10800,336,4,340
10800,10801,1499,21,1520
10801,10802,721,14,735
10802,10803,303,9,312
10803,10804,146,3,149
10804,10805,104,4,108
10805,10806,54,0,54
10806,10807,763,21,784
10807,10808,161,3,164
10808,10809,236,6,242
10809,10810,365,7,372
10810,10811,900,14,914
10811,10812,1346,17,1363
10812,10813,81,0,81
10813,10814,191,3,194
10814,10815,351,11,362
10815,10816,35,1,36
10816,10817,181,4,185
10817,10818,74,4,78
10818,10819,70,3,73
10819,10820,254,17,271
10820,10821,167,6,173
10821,10822,2929,80,3009
10822,10823,178,2,180
10823,10824,889,17,906
10824,10825,1316,24,1340
10825,10826,162,2,164
10826,10827,153,5,158
10827,10828,766,18,784
10828,10829,1506,36,1542
10829,10830,117,4,121
10830,10831,188,3,191
10831,10832,103,0,103
10832,10833,183,3,186
10833,10834,11696,166,11862
10834,10835,99,2,101
10835,10836,108,3,111
10836,10837,88,1,89
10837,10838,354,9,363
10838,10839,575,19,594
10839,10840,69,0,69
10840,10841,89,2,91
10841,10842,301,2,303
10842,10843,2030,45,2075
10843,10844,150,3,153
10844,10845,1040,11,1051
10845,10846,494,13,507
10846,10847,409,5,414
10847,10848,6476,148,6624
10848,10849,1052,25,1077
10849,10850,20285,104,20389
10850,10851,414,6,420
10851,10852,2230,52,2282
10852,10853,279,21,300
10853,10854,70,1,71
10854,10855,86,1,87
10855,10856,3684,161,3845
10856,10857,456,5,461
10857,10858,70,4,74
10858,10859,87,1,88
10859,10860,117,3,120
10860,10861,369,1,370
10861,10862,378,7,385
10862,10863,232,4,236
10863,10864,664,12,676
10864,10865,7134,86,7220
10865,10866,2376,30,2406
10866,10867,1758,29,1787
10867,10868,377,13,390
10868,10869,580,13,593
10869,10870,845,13,858
10870,10871,207,4,211
10871,10872,444,6,450
10872,10873,118,1,119
10873,10874,780,18,798
10874,10875,301,12,313
10875,10876,507,10,517
10876,10877,188,3,191
10877,10878,267,2,269
10878,10879,166,14,180
10879,10880,73,2,75
10880,10881,223,0,223
10881,10882,339,2,341
10882,10883,7496,345,7841
10883,10884,865,17,882
10884,10885,826,1,827
10885,10886,1814,30,1844
10886,10887,1363,40,1403
10887,10888,366,5,371
10888,10889,25,0,25
10889,10890,919,20,939
10890,10891,599,14,613
10891,10892,371,3,374
10892,10893,693,18,711
10893,10894,91,0,91
10894,10895,201,4,205
10895,10896,171,4,175
10896,10897,571,14,585
10897,10898,680,12,692
10898,10899,98,2,100
10899,10900,37,2,39
10900,10901,215,2,217
10901,10902,2864,41,2905
10902,10903,2086,38,2124
10903,10904,107,3,110
10904,10905,115,4,119
10905,10906,1494,40,1534
10906,10907,50,0,50
10907,10908,730,11,741
10908,10909,315,2,317
10909,10910,339,2,341
10910,10911,1544,39,1583
10911,10912,398,3,401
10912,10913,8798,123,8921
10913,10914,279,6,285
10914,10915,1014,27,1041
10915,10916,325,16,341
10916,10917,175,2,177
10917,10918,174,4,178
10918,10919,480,10,490
10919,10920,544,10,554
10920,10921,303,7,310
10921,10922,1502,24,1526
10922,10923,2664,50,2714
10923,10924,153,8,161
10924,10925,91,1,92
10925,10926,2308,36,2344
10926,10927,555,9,564
10927,10928,374,8,382
10928,10929,690,3,693
10929,10930,124,2,126
10930,10931,326,3,329
10931,10932,2476,36,2512
10932,10933,6119,115,6234
10933,10934,4031,42,4073
10934,10935,171,2,173
10935,10936,73,0,73
10936,10937,175,3,178
10937,10938,1074,17,1091
10938,10939,200,5,205
10939,10940,501,3,504
10940,10941,37,2,39
10941,10942,1201,35,1236
10942,10943,26106,122,26228
10943,10944,27,0,27
10944,10945,4329,60,4389
10945,10946,157,1,158
10946,10947,369,1,370
10947,10948,9124,59,9183
10948,10949,2508,38,2546
10949,10950,302,4,306
10950,10951,178,2,180
10951,10952,1511,44,1555
10952,10953,390,5,395
10953,10954,1371,20,1391
10954,10955,882,35,917
10955,10956,678,13,691
10956,10957,503,8,511
10957,10958,558,13,571
10958,10959,1651,28,1679
10959,10960,123,2,125
10960,10961,517,9,526
10961,10962,1493,13,1506
10962,10963,2877,45,2922
10963,10964,1670,34,1704
10964,10965,243,5,248
10965,10966,342,8,350
10966,10967,909,33,942
10967,10968,173,6,179
10968,10969,430,10,440
10969,10970,118,1,119
10970,10971,388,9,397
10971,10972,784,23,807
10972,10973,2552,55,2607
10973,10974,327,10,337
10974,10975,1157,10,1167
10975,10976,956,7,963
10976,10977,2000,37,2037
10977,10978,575,23,598
10978,10979,474,13,487
10979,10980,380,11,391
10980,10981,355,8,363
10981,10982,1400,29,1429
10982,10983,88,1,89
10983,10984,948,30,978
10984,10985,54,1,55
10985,10986,69,0,69
10986,10987,46,0,46
10987,10988,1106,33,1139
10988,10989,56,0,56
10989,10990,136,2,138
10990,10991,1729,36,1765
10991,10992,57,6,63
10992,10993,43,1,44
10993,10994,230,6,236
10994,10995,937,31,968
10995,10996,2786,79,2865
10996,10997,6215,135,6350
10997,10998,467,8,475
10998,10999,3700,80,3780
10999,11000,544,13,557
11000,11001,119,1,120
11001,11002,374,11,385
11002,11003,342,4,346
11003,11004,219,3,222
11004,11005,221,4,225
11005,11006,433,7,440
11006,11007,333,6,339
11007,11008,176,5,181
11008,11009,1100,27,1127
11009,11010,447,4,451
11010,11011,157,4,161
11011,11012,1256,16,1272
11012,11013,425,5,430
11013,11014,63,0,63
11014,11015,363,13,376
11015,11016,7760,185,7945
11016,11017,74,3,77
11017,11018,109,0,109
11018,11019,1203,186,1389
11019,11020,61,0,61
11020,11021,373,10,383
11021,11022,94,3,97
11022,11023,145,7,152
11023,11024,186,11,197
11024,11025,64,0,64
11025,11026,960,23,983
11026,11027,721,25,746
11027,11028,3779,150,3929
11028,11029,908,15,923
11029,11030,287,2,289
11030,11031,6041,97,6138
11031,11032,126,11,137
11032,11033,550,14,564
11033,11034,6844,61,6905
11034,11035,586,4,590
11035,11036,81,0,81
11036,11037,89,3,92
11037,11038,115,6,121
11038,11039,1302,22,1324
11039,11040,113,6,119
11040,11041,289,10,299
11041,11042,625,10,635
11042,11043,268,0,268
11043,11044,370,7,377
11044,11045,186,3,189
11045,11046,495,18,513
11046,11047,274,3,277
11047,11048,329,13,342
11048,11049,213,6,219
11049,11050,1186,22,1208
11050,11051,200,4,204
11051,11052,275,6,281
11052,11053,8978,385,9363
11053,11054,3229,88,3317
11054,11055,840,4,844
11055,11056,63,0,63
11056,11057,763,13,776
11057,11058,282,0,282
11058,11059,64,1,65
11059,11060,888,14,902
11060,11061,652,13,665
11061,11062,347,1,348
11062,11063,326,8,334
11063,11064,132,2,134
11064,11065,25,0,25
11065,11066,1386,19,1405
11066,11067,160,1,161
11067,11068,1475,25,1500
11068,11069,81,6,87
11069,11070,1567,22,1589
11070,11071,1098,35,1133
11071,11072,4321,90,4411
11072,11073,421,9,430
11073,11074,838,20,858
11074,11075,7621,138,7759
11075,11076,92,0,92
11076,11077,843,36,879
11077,11078,576,14,590
11078,11079,8798,99,8897
11079,11080,25694,334,26028
11080,11081,215,10,225
11081,11082,1974,43,2017
11082,11083,805,91,896
11083,11084,23,2,25
11084,11085,615,9,624
11085,11086,646,8,654
11086,11087,706,7,713
11087,11088,433,12,445
11088,11089,1077,18,1095
11089,11090,1045,9,1054
11090,11091,442,4,446
11091,11092,608,9,617
11092,11093,143,1,144
11093,11094,3469,58,3527
11094,11095,124,2,126
11095,11096,1226,29,1255
11096,11097,890,22,912
11097,11098,67,1,68
11098,11099,506,7,513
11099,11100,133,5,138
11100,11101,94,0,94
11101,11102,255,9,264
11102,11103,196,2,198
11103,11104,351,10,361
11104,11105,3957,79,4036
11105,11106,1484,26,1510
11106,11107,125,5,130
11107,11108,692,9,701
11108,11109,610,11,621
11109,11110,3838,113,3951
11110,11111,769,21,790
11111,11112,4870,132,5002
11112,11113,543,11,554
11113,11114,737,27,764
11114,11115,5552,139,5691
11115,11116,5786,73,5859
11116,11117,183,6,189
11117,11118,9739,191,9930
11118,11119,352,8,360
11119,11120,482,7,489
11120,11121,5130,47,5177
11121,11122,2455,38,2493
11122,11123,459,28,487
11123,11124,300,5,305
11124,11125,385,5,390
11125,11126,8779,5,8784
11126,11127,138,0,138
11127,11128,1536,24,1560
11128,11129,104,0,104
11129,11130,6439,117,6556
11130,11131,328,4,332
11131,11132,626,19,645
11132,11133,22522,209,22731
11133,11134,48,0,48
11134,11135,53,2,55
11135,11136,385,7,392
11136,11137,73,3,76
11137,11138,1792,59,1851
11138,11139,38,2,40
11139,11140,310,6,316
11140,11141,287,10,297
11141,11142,2643,92,2735
11142,11143,520,16,536
11143,11144,1025,9,1034
11144,11145,751,15,766
11145,11146,80,2,82
11146,11147,200,7,207
11147,11148,1187,19,1206
11148,11149,77,2,79
11149,11150,76,4,80
11150,11151,354,4,358
11151,11152,52,1,53
11152,11153,120,2,122
11153,11154,66,1,67
11154,11155,82,6,88
11155,11156,393,5,398
11156,11157,3003,61,3064
11157,11158,91,0,91
11158,11159,744,11,755
11159,11160,306,15,321
11160,11161,2820,78,2898
11161,11162,1961,51,2012
11162,11163,32,1,33
11163,11164,193,3,196
11164,11165,525,13,538
11165,11166,2613,56,2669
11166,11167,1267,51,1318
11167,11168,146,4,150
11168,11169,184,8,192
11169,11170,381,9,390
11170,11171,908,10,918
11171,11172,184,4,188
11172,11173,589,17,606
11173,11174,265,3,268
11174,11175,502,9,511
11175,11176,5196,84,5280
11176,11177,12513,674,13187
11177,11178,903,18,921
11178,11179,95,0,95
11179,11180,633,18,651
11180,11181,308,5,313
11181,11182,48870,922,49792
11182,11183,250,4,254
11183,11184,422,13,435
11184,11185,696,17,713
11185,11186,4387,79,4466
11186,11187,179,3,182
11187,11188,667,12,679
11188,11189,25,0,25
11189,11190,324,1,325
11190,11191,215,4,219
11191,11192,12844,245,13089
11192,11193,619,11,630
11193,11194,155,2,157
11194,11195,11014,188,11202
11195,11196,827,4,831
11196,11197,315,6,321
11197,11198,329,12,341
11198,11199,4856,73,4929
11199,11200,3994,81,4075
11200,11201,499,19,518
11201,11202,164,3,167
11202,11203,5553,424,5977
11203,11204,937,36,973
11204,11205,1486,23,1509
11205,11206,141,2,143
11206,11207,728,7,735
11207,11208,141,3,144
11208,11209,691,8,699
11209,11210,621,17,638
11210,11211,1432,14,1446
11211,11212,135,1,136
11212,11213,86,5,91
11213,11214,39,0,39
11214,11215,8844,166,9010
11215,11216,2440,82,2522
11216,11217,151,2,153
11217,11218,210,3,213
11218,11219,6799,32,6831
11219,11220,1218,16,1234
11220,11221,704,8,712
11221,11222,113,2,115
11222,11223,158198,2243,160441
11223,11224,95,2,97
11224,11225,973,8,981
11225,11226,377,12,389
11226,11227,544,14,558
11227,11228,1666,24,1690
11228,11229,814,13,827
11229,11230,8476,69,8545
11230,11231,374,5,379
11231,11232,149,6,155
11232,11233,30,0,30
11233,11234,265,4,269
11234,11235,1432,40,1472
11235,11236,997,19,1016
11236,11237,1413,35,1448
11237,11238,953,26,979
11238,11239,2874,34,2908
11239,11240,696,14,710
11240,11241,2228,40,2268
11241,11242,1201,16,1217
11242,11243,1577,44,1621
11243,11244,375,5,380
11244,11245,670,5,675
11245,11246,2107,38,2145
11246,11247,46,1,47
11247,11248,28201,98,28299
11248,11249,1749,31,1780
11249,11250,839,21,860
11250,11251,102,2,104
11251,11252,78,0,78
11252,11253,4562,60,4622
11253,11254,116,6,122
11254,11255,283,7,290
11255,11256,59,2,61
11256,11257,86,3,89
11257,11258,30,2,32
11258,11259,319,7,326
11259,11260,271,1,272
11260,11261,137,2,139
11261,11262,797,19,816
11262,11263,4177,56,4233
11263,11264,2532,30,2562
11264,11265,694,12,706
11265,11266,108,1,109
11266,11267,109,4,113
11267,11268,411,6,417
11268,11269,88,0,88
11269,11270,184,6,190
11270,11271,1881,52,1933
11271,11272,1531,44,1575
11272,11273,133,2,135
11273,11274,1241,50,1291
11274,11275,3900,147,4047
11275,11276,2234,53,2287
11276,11277,652,16,668
11277,11278,458,17,475
11278,11279,71,2,73
11279,11280,187,3,190
11280,11281,9689,88,9777
11281,11282,1350,40,1390
11282,11283,3296,53,3349
11283,11284,242,8,250
11284,11285,113,2,115
11285,11286,73,1,74
11286,11287,2229,31,2260
11287,11288,8509,52,8561
11288,11289,527,4,531
11289,11290,1227,37,1264
11290,11291,521,10,531
11291,11292,336,2,338
11292,11293,911,21,932
11293,11294,900,39,939
11294,11295,57,0,57
11295,11296,43,1,44
11296,11297,3402,55,3457
11297,11298,266,3,269
11298,11299,1334,28,1362
11299,11300,647,7,654
11300,11301,785,21,806
11301,11302,576,13,589
11302,11303,333,3,336
11303,11304,396,14,410
11304,11305,686,20,706
11305,11306,3175,37,3212
11306,11307,895,11,906
11307,11308,237,11,248
11308,11309,1522,62,1584
11309,11310,1301,20,1321
11310,11311,1008,5,1013
11311,11312,5087,80,5167
11312,11313,423,2,425
11313,11314,242,4,246
11314,11315,642,19,661
11315,11316,312,6,318
11316,11317,513,8,521
11317,11318,1267,36,1303
11318,11319,806,18,824
11319,11320,35,1,36
11320,11321,100,2,102
11321,11322,430,8,438
11322,11323,2545,59,2604
11323,11324,848,15,863
11324,11325,169,5,174
11325,11326,287,11,298
11326,11327,4271,78,4349
11327,11328,213,2,215
11328,11329,327,4,331
11329,11330,105,0,105
11330,11331,438,5,443
11331,11332,474,5,479
11332,11333,118,1,119
11333,11334,570,13,583
11334,11335,2639,48,2687
11335,11336,997,33,1030
11336,11337,142,2,144
11337,11338,4595,101,4696
11338,11339,1215,39,1254
11339,11340,360,10,370
11340,11341,938,13,951
11341,11342,222,5,227
11342,11343,396,1,397
11343,11344,78,0,78
11344,11345,6062,115,6177
11345,11346,827,17,844
11346,11347,254,2,256
11347,11348,698,15,713
11348,11349,251,8,259
11349,11350,160,2,162
11350,11351,656,13,669
11351,11352,1399,14,1413
11352,11353,148,1,149
11353,11354,148,5,153
11354,11355,330,11,341
11355,11356,202,4,206
11356,11357,281,5,286
11357,11358,411,6,417
11358,11359,854,25,879
11359,11360,11020,305,11325
11360,11361,514,10,524
11361,11362,1097,21,1118
11362,11363,1828,30,1858
11363,11364,217,5,222
11364,11365,3374,55,3429
11365,11366,667,17,684
11366,11367,6091,300,6391
11367,11368,278,5,283
11368,11369,266,5,271
11369,11370,210,0,210
11370,11371,1298,41,1339
11371,11372,2439,64,2503
11372,11373,88,5,93
11373,11374,1144,24,1168
11374,11375,1313,38,1351
11375,11376,1074,15,1089
11376,11377,166,4,170
11377,11378,245,6,251
11378,11379,134,0,134
11379,11380,395,9,404
11380,11381,856,20,876
11381,11382,2166,38,2204
11382,11383,361,4,365
11383,11384,4689,34,4723
11384,11385,220,8,228
11385,11386,919,12,931
11386,11387,93,4,97
11387,11388,6760,194,6954
11388,11389,528,19,547
11389,11390,88,0,88
11390,11391,377,11,388
11391,11392,1796,45,1841
11392,11393,142,1,143
11393,11394,1291,21,1312
11394,11395,75,3,78
11395,11396,164,7,171
11396,11397,253,19,272
11397,11398,842,15,857
11398,11399,2954,60,3014
11399,11400,1001,33,1034
11400,11401,8674,203,8877
11401,11402,2502,52,2554
11402,11403,11767,309,12076
11403,11404,387,4,391
11404,11405,395,4,399
11405,11406,3986,97,4083
11406,11407,4296,29,4325
11407,11408,524,14,538
11408,11409,903,17,920
11409,11410,280,6,286
11410,11411,133,4,137
11411,11412,526,10,536
11412,11413,8061,160,8221
11413,11414,10756,221,10977
11414,11415,160,4,164
11415,11416,413,5,418
11416,11417,600,7,607
11417,11418,130,1,131
11418,11419,814,11,825
11419,11420,2312,85,2397
11420,11421,178,4,182
11421,11422,1305,143,1448
11422,11423,783,3,786
11423,11424,748,8,756
11424,11425,110,1,111
11425,11426,458,12,470
11426,11427,451,6,457
11427,11428,247,6,253
11428,11429,2681,48,2729
11429,11430,939,34,973
11430,11431,1008,17,1025
11431,11432,482,7,489
11432,11433,221,8,229
11433,11434,82,1,83
11434,11435,91,2,93
11435,11436,62,0,62
11436,11437,15,1,16
11437,11438,7069,553,7622
11438,11439,328,5,333
11439,11440,149,6,155
11440,11441,66,0,66
11441,11442,15050,357,15407
11442,11443,1701,39,1740
11443,11444,7107,142,7249
11444,11445,227,11,238
11445,11446,142,3,145
11446,11447,1805,24,1829
11447,11448,2083,60,2143
11448,11449,4645,78,4723
11449,11450,466,7,473
11450,11451,1991,47,2038
11451,11452,273,12,285
11452,11453,825,12,837
11453,11454,151,3,154
11454,11455,513,17,530
11455,11456,622,11,633
11456,11457,714,9,723
11457,11458,238,12,250
11458,11459,136,1,137
11459,11460,165,3,168
11460,11461,121,3,124
11461,11462,21887,447,22334
11462,11463,1167,8,1175
11463,11464,220,8,228
11464,11465,19,1,20
11465,11466,320,9,329
11466,11467,94,7,101
11467,11468,3712,62,3774
11468,11469,716,22,738
11469,11470,277,5,282
11470,11471,889,18,907
11471,11472,641,10,651
11472,11473,370,20,390
11473,11474,390,3,393
11474,11475,44,1,45
11475,11476,182,0,182
11476,11477,565,6,571
11477,11478,1699,38,1737
11478,11479,26,3,29
11479,11480,46,0,46
11480,11481,880,27,907
11481,11482,419,10,429
11482,11483,407,9,416
11483,11484,237,7,244
11484,11485,32,2,34
11485,11486,332,4,336
11486,11487,29471,461,29932
11487,11488,297,5,302
11488,11489,860,26,886
11489,11490,258,5,263
11490,11491,142,3,145
11491,11492,184,3,187
11492,11493,104,2,106
11493,11494,502,12,514
11494,11495,517,10,527
11495,11496,58,4,62
11496,11497,150,4,154
11497,11498,123,4,127
11498,11499,3092,54,3146
11499,11500,2272,51,2323
11500,11501,800,12,812
11501,11502,361,9,370
11502,11503,1422,28,1450
11503,11504,5233,82,5315
11504,11505,1060,17,1077
11505,11506,7559,67,7626
11506,11507,1822,37,1859
11507,11508,16112,575,16687
11508,11509,2621,33,2654
11509,11510,1479,29,1508
11510,11511,12734,637,13371
11511,11512,2510,40,2550
11512,11513,254,7,261
11513,11514,245,5,250
11514,11515,1326,36,1362
11515,11516,135,4,139
11516,11517,5618,79,5697
11517,11518,1591,35,1626
11518,11519,1012,20,1032
11519,11520,496,13,509
11520,11521,454,10,464
11521,11522,612,9,621
11522,11523,272,4,276
11523,11524,490,9,499
11524,11525,224,0,224
11525,11526,141,3,144
11526,11527,680,20,700
11527,11528,183,7,190
11528,11529,47,2,49
11529,11530,135,3,138
11530,11531,169,2,171
11531,11532,735,10,745
11532,11533,58,1,59
11533,11534,6635,128,6763
11534,11535,211,4,215
11535,11536,269,10,279
11536,11537,84,2,86
11537,11538,79,0,79
11538,11539,2906,30,2936
11539,11540,22,1,23
11540,11541,1387,33,1420
11541,11542,519,9,528
11542,11543,293,5,298
11543,11544,490,4,494
11544,11545,1987,36,2023
11545,11546,2392,57,2449
11546,11547,826,20,846
11547,11548,68,1,69
11548,11549,609,13,622
11549,11550,4071,68,4139
11550,11551,694,20,714
11551,11552,97,3,100
11552,11553,844,42,886
11553,11554,7807,624,8431
11554,11555,337,6,343
11555,11556,477,6,483
11556,11557,53,1,54
11557,11558,3719,88,3807
11558,11559,201,2,203
11559,11560,5521,109,5630
11560,11561,409,5,414
11561,11562,213,4,217
11562,11563,179,3,182
11563,11564,209,6,215
11564,11565,1057,26,1083
11565,11566,1049,26,1075
11566,11567,659,14,673
11567,11568,1466,25,1491
11568,11569,213,7,220
11569,11570,328,7,335
11570,11571,246,5,251
11571,11572,4999,87,5086
11572,11573,1051,31,1082
11573,11574,1475,27,1502
11574,11575,44,0,44
11575,11576,426,8,434
11576,11577,373,8,381
11577,11578,388,12,400
11578,11579,2359,105,2464
11579,11580,650,8,658
11580,11581,44,2,46
11581,11582,357,4,361
11582,11583,743,16,759
11583,11584,1245,28,1273
11584,11585,706,19,725
11585,11586,335,11,346
11586,11587,576,18,594
11587,11588,4651,113,4764
11588,11589,73,0,73
11589,11590,86,1,87
11590,11591,9287,105,9392
11591,11592,35196,561,35757
11592,11593,126,3,129
11593,11594,111,3,114
11594,11595,61,0,61
11595,11596,174,4,178
11596,11597,429,2,431
11597,11598,4837,37,4874
11598,11599,455,9,464
11599,11600,227,4,231
11600,11601,85,1,86
11601,11602,583,13,596
11602,11603,4398,33,4431
11603,11604,313,6,319
11604,11605,1302,17,1319
11605,11606,4676,37,4713
11606,11607,113,5,118
11607,11608,143,7,150
11608,11609,260,4,264
11609,11610,1206,15,1221
11610,11611,141,6,147
11611,11612,66,6,72
11612,11613,203,2,205
11613,11614,334,1,335
11614,11615,153,5,158
11615,11616,20743,114,20857
11616,11617,621,5,626
11617,11618,305,9,314
11618,11619,4559,98,4657
11619,11620,959,13,972
11620,11621,371,5,376
11621,11622,2848,40,2888
11622,11623,231,4,235
11623,11624,2875,67,2942
11624,11625,611,14,625
11625,11626,481,10,491
11626,11627,1105,32,1137
11627,11628,788,10,798
11628,11629,638,6,644
11629,11630,87,1,88
11630,11631,263,8,271
11631,11632,1457,18,1475
11632,11633,177,4,181
11633,11634,100,0,100
11634,11635,231,9,240
11635,11636,180,2,182
11636,11637,148,0,148
11637,11638,123,1,124
11638,11639,272,3,275
11639,11640,258,6,264
11640,11641,2682,57,2739
11641,11642,90,1,91
11642,11643,272,6,278
11643,11644,123,2,125
11644,11645,1647,24,1671
11645,11646,1012,8,1020
11646,11647,770,9,779
11647,11648,263,4,267
11648,11649,138,1,139
11649,11650,324,7,331
11650,11651,137,1,138
11651,11652,195,3,198
11652,11653,20,0,20
11653,11654,475,5,480
11654,11655,112,4,116
11655,11656,254,4,258
11656,11657,552,11,563
11657,11658,147,6,153
11658,11659,1281,12,1293
11659,11660,2036,47,2083
11660,11661,198,8,206
11661,11662,645,7,652
11662,11663,182,6,188
11663,11664,130,4,134
11664,11665,316,3,319
11665,11666,574,7,581
11666,11667,735,6,741
11667,11668,106,1,107
11668,11669,53,0,53
11669,11670,561,7,568
11670,11671,1640,11,1651
11671,11672,125,1,126
11672,11673,523,7,530
11673,11674,73,4,77
11674,11675,242,2,244
11675,11676,1086,5,1091
11676,11677,504,10,514
11677,11678,40,0,40
11678,11679,204,2,206
11679,11680,84,0,84
11680,11681,273,13,286
11681,11682,407,11,418
11682,11683,1209,6,1215
11683,11684,883,34,917
11684,11685,540,8,548
11685,11686,2495,21,2516
11686,11687,8349,65,8414
11687,11688,1096,20,1116
11688,11689,454,5,459
11689,11690,610,5,615
11690,11691,488,3,491
11691,11692,1578,35,1613
11692,11693,219,4,223
11693,11694,12237,92,12329
11694,11695,628,52,680
11695,11696,506,6,512
11696,11697,175,1,176
11697,11698,183,6,189
11698,11699,269,8,277
11699,11700,382,7,389
11700,11701,43,2,45
11701,11702,278,10,288
11702,11703,877,20,897
11703,11704,347,10,357
11704,11705,637,10,647
11705,11706,917,16,933
11706,11707,114,0,114
11707,11708,197,5,202
11708,11709,477,18,495
11709,11710,330,7,337
11710,11711,3918,31,3949
11711,11712,7498,281,7779
11712,11713,304,12,316
11713,11714,2680,20,2700
11714,11715,592,17,609
11715,11716,773,12,785
11716,11717,1910,25,1935
11717,11718,294,4,298
11718,11719,715,17,732
11719,11720,189,1,190
11720,11721,703,4,707
11721,11722,784,28,812
11722,11723,104,0,104
11723,11724,14725,115,14840
11724,11725,599,9,608
11725,11726,219,2,221
11726,11727,3394,43,3437
11727,11728,193,4,197
11728,11729,941,24,965
11729,11730,227,1,228
11730,11731,789,23,812
11731,11732,85,6,91
11732,11733,314,13,327
11733,11734,407,10,417
11734,11735,2340,26,2366
11735,11736,168,1,169
11736,11737,88,0,88
11737,11738,0,0,0
11738,11739,277,5,282
11739,11740,380,10,390
11740,11741,281,2,283
11741,11742,304,1,305
11742,11743,139,5,144
11743,11744,305,8,313
11744,11745,1521,33,1554
11745,11746,618,21,639
11746,11747,871,19,890
11747,11748,355,11,366
11748,11749,394,1,395
11749,11750,179,1,180
11750,11751,970,30,1000
11751,11752,350,1,351
11752,11753,442,7,449
11753,11754,55,2,57
11754,11755,196,1,197
11755,11756,962,16,978
11756,11757,435,9,444
11757,11758,5893,157,6050
11758,11759,286,6,292
11759,11760,584,7,591
11760,11761,1442,28,1470
11761,11762,431,9,440
11762,11763,273,9,282
11763,11764,216,1,217
11764,11765,303,8,311
11765,11766,763,26,789
11766,11767,317,13,330
11767,11768,1014,16,1030
11768,11769,139,1,140
11769,11770,253,2,255
11770,11771,202,14,216
11771,11772,334,4,338
11772,11773,859,20,879
11773,11774,758,23,781
11774,11775,389,16,405
11775,11776,226,6,232
11776,11777,1894,57,1951
11777,11778,79,2,81
11778,11779,45,0,45
11779,11780,186,1,187
11780,11781,268,8,276
11781,11782,159,3,162
11782,11783,351,7,358
11783,11784,473,18,491
11784,11785,1227,16,1243
11785,11786,1029,26,1055
11786,11787,686,23,709
11787,11788,135,8,143
11788,11789,14517,97,14614
11789,11790,687,8,695
11790,11791,316,8,324
11791,11792,356,6,362
11792,11793,1891,71,1962
11793,11794,399,7,406
11794,11795,5275,270,5545
11795,11796,159,5,164
11796,11797,675,15,690
11797,11798,578,10,588
11798,11799,1278,27,1305
11799,11800,334,8,342
11800,11801,86,1,87
11801,11802,451,8,459
11802,11803,135,3,138
11803,11804,3304,6,3310
11804,11805,381,5,386
11805,11806,1413,18,1431
11806,11807,405,11,416
11807,11808,16005,186,16191
11808,11809,1847,47,1894
11809,11810,249,5,254
11810,11811,314,7,321
11811,11812,21408,457,21865
11812,11813,149,5,154
11813,11814,518,9,527
11814,11815,187,3,190
11815,11816,354,10,364
11816,11817,212,8,220
11817,11818,433,7,440
11818,11819,540,8,548
11819,11820,645,14,659
11820,11821,697,11,708
11821,11822,961,22,983
11822,11823,5403,83,5486
11823,11824,638,10,648
11824,11825,435,8,443
11825,11826,288,6,294
11826,11827,238,8,246
11827,11828,435,9,444
11828,11829,662,15,677
11829,11830,1327,50,1377
11830,11831,483,9,492
11831,11832,78,3,81
11832,11833,1036,20,1056
11833,11834,165,1,166
11834,11835,1720,30,1750
11835,11836,716,18,734
11836,11837,190,4,194
11837,11838,547,8,555
11838,11839,527,9,536
11839,11840,384,7,391
11840,11841,506,8,514
11841,11842,18636,174,18810
11842,11843,376,8,384
11843,11844,548,9,557
11844,11845,134,2,136
11845,11846,16967,437,17404
11846,11847,314,11,325
11847,11848,137,4,141
11848,11849,195,2,197
11849,11850,16062,405,16467
11850,11851,370,7,377
11851,11852,111,4,115
11852,11853,287,4,291
11853,11854,393,12,405
11854,11855,771,22,793
11855,11856,1729,21,1750
11856,11857,712,15,727
11857,11858,744,16,760
11858,11859,1267,43,1310
11859,11860,1181,36,1217
11860,11861,122,2,124
11861,11862,181,5,186
11862,11863,247,6,253
11863,11864,1362,23,1385
11864,11865,7046,127,7173
11865,11866,398,8,406
11866,11867,155,1,156
11867,11868,1840,26,1866
11868,11869,31314,231,31545
11869,11870,937,10,947
11870,11871,201,7,208
11871,11872,240,2,242
11872,11873,628,27,655
11873,11874,313,12,325
11874,11875,4433,27,4460
11875,11876,135,3,138
11876,11877,190,1,191
11877,11878,2393,27,2420
11878,11879,164,3,167
11879,11880,106,1,107
11880,11881,307,7,314
11881,11882,1150,33,1183
11882,11883,115,2,117
11883,11884,3110,42,3152
11884,11885,533,8,541
11885,11886,215,5,220
11886,11887,424,3,427
11887,11888,236,8,244
11888,11889,949,25,974
11889,11890,2509,41,2550
11890,11891,355,16,371
11891,11892,1200,21,1221
11892,11893,209,2,211
11893,11894,808,39,847
11894,11895,1391,31,1422
11895,11896,624,17,641
11896,11897,232,3,235
11897,11898,565,5,570
11898,11899,521,5,526
11899,11900,279,2,281
11900,11901,127,4,131
11901,11902,205,6,211
11902,11903,133,4,137
11903,11904,73,1,74
11904,11905,418,8,426
11905,11906,4731,73,4804
11906,11907,1859,28,1887
11907,11908,967,24,991
11908,11909,389,2,391
11909,11910,141,2,143
11910,11911,4409,46,4455
11911,11912,6245,41,6286
11912,11913,183,3,186
11913,11914,228,6,234
11914,11915,190,4,194
11915,11916,1649,34,1683
11916,11917,57,0,57
11917,11918,522,13,535
11918,11919,718,22,740
11919,11920,823,17,840
11920,11921,2216,14,2230
11921,11922,1902,28,1930
11922,11923,159,6,165
11923,11924,563,19,582
11924,11925,619,10,629
11925,11926,466,6,472
11926,11927,292,3,295
11927,11928,231,6,237
11928,11929,7779,167,7946
11929,11930,327,11,338
11930,11931,456,10,466
11931,11932,498,10,508
11932,11933,110,4,114
11933,11934,782,12,794
11934,11935,718,7,725
11935,11936,165,2,167
11936,11937,109,1,110
11937,11938,1077,32,1109
11938,11939,1352,38,1390
11939,11940,634,8,642
11940,11941,390,8,398
11941,11942,499,16,515
11942,11943,193,7,200
11943,11944,327,5,332
11944,11945,109,4,113
11945,11946,106,3,109
11946,11947,356,6,362
11947,11948,1360,36,1396
11948,11949,299,7,306
11949,11950,478,7,485
11950,11951,167,1,168
11951,11952,4712,64,4776
11952,11953,240,1,241
11953,11954,170,4,174
11954,11955,153,3,156
11955,11956,1145,21,1166
11956,11957,243,2,245
11957,11958,70,1,71
11958,11959,275,6,281
11959,11960,255,5,260
11960,11961,617,22,639
11961,11962,4183,97,4280
11962,11963,2649,31,2680
11963,11964,832,17,849
11964,11965,24,1,25
11965,11966,333,4,337
11966,11967,1510,21,1531
11967,11968,621,9,630
11968,11969,2400,47,2447
11969,11970,111,3,114
11970,11971,82,1,83
11971,11972,1875,42,1917
11972,11973,1001,8,1009
11973,11974,1389,34,1423
11974,11975,307,7,314
11975,11976,2120,52,2172
11976,11977,8710,187,8897
11977,11978,1462,22,1484
11978,11979,1302,15,1317
11979,11980,232,30,262
11980,11981,163,1,164
11981,11982,1171,28,1199
11982,11983,4048,38,4086
11983,11984,2170,58,2228
11984,11985,384,5,389
11985,11986,188,5,193
11986,11987,112,1,113
11987,11988,496,10,506
11988,11989,243,7,250
11989,11990,272,5,277
11990,11991,575,8,583
11991,11992,207,3,210
11992,11993,1118,18,1136
11993,11994,547,7,554
11994,11995,273,2,275
11995,11996,375,12,387
11996,11997,89,2,91
11997,11998,433,11,444
11998,11999,1367,39,1406
11999,12000,903,5,908
12000,12001,3703,30,3733
12001,12002,1283,21,1304
12002,12003,1178,10,1188
12003,12004,1452,46,1498
12004,12005,1346,26,1372
12005,12006,543,10,553
12006,12007,6283,61,6344
12007,12008,827,23,850
12008,12009,324,10,334
12009,12010,875,10,885
12010,12011,111,1,112
12011,12012,6267,55,6322
12012,12013,867,10,877
12013,12014,719,8,727
12014,12015,934,24,958
12015,12016,256,4,260
12016,12017,790,15,805
12017,12018,4060,82,4142
12018,12019,6733,200,6933
12019,12020,710,8,718
12020,12021,561,7,568
12021,12022,760,17,777
12022,12023,221,4,225
12023,12024,618,4,622
12024,12025,6234,118,6352
12025,12026,1423,9,1432
12026,12027,1195,26,1221
12027,12028,3562,21,3583
12028,12029,1681,28,1709
12029,12030,694,20,714
12030,12031,51,5,56
12031,12032,93,0,93
12032,12033,593,17,610
12033,12034,1433,18,1451
12034,12035,991,8,999
12035,12036,300,3,303
12036,12037,476,5,481
12037,12038,515,6,521
12038,12039,710,12,722
12039,12040,7110,57,7167
12040,12041,886,12,898
12041,12042,3671,41,3712
12042,12043,667,13,680
12043,12044,285,7,292
12044,12045,284,0,284
12045,12046,2097,44,2141
12046,12047,187,0,187
12047,12048,131,7,138
12048,12049,407,10,417
12049,12050,556,8,564
12050,12051,202,6,208
12051,12052,281,6,287
12052,12053,32801,346,33147
12053,12054,1280,55,1335
12054,12055,390,6,396
12055,12056,367,4,371
12056,12057,1711,37,1748
12057,12058,1147,13,1160
12058,12059,132,3,135
12059,12060,3337,47,3384
12060,12061,7782,94,7876
12061,12062,2907,47,2954
12062,12063,338,6,344
12063,12064,105,1,106
12064,12065,78,1,79
12065,12066,243,9,252
12066,12067,3813,67,3880
12067,12068,56,2,58
12068,12069,383,3,386
12069,12070,2327,23,2350
12070,12071,485,7,492
12071,12072,160,3,163
12072,12073,142,4,146
12073,12074,1128,36,1164
12074,12075,984,8,992
12075,12076,234,4,238
12076,12077,411,16,427
12077,12078,238,4,242
12078,12079,748,22,770
12079,12080,441,12,453
12080,12081,45,1,46
12081,12082,3194,202,3396
12082,12083,197,0,197
12083,12084,98,1,99
12084,12085,272,7,279
12085,12086,365,10,375
12086,12087,884,10,894
12087,12088,661,13,674
12088,12089,144,5,149
12089,12090,443,37,480
12090,12091,908,16,924
12091,12092,360,5,365
12092,12093,1406,27,1433
12093,12094,785,26,811
12094,12095,1306,34,1340
12095,12096,128,3,131
12096,12097,427,3,430
12097,12098,120,1,121
12098,12099,341,6,347
12099,12100,1315,21,1336
12100,12101,304,2,306
12101,12102,1425,35,1460
12102,12103,170,7,177
12103,12104,416,11,427
12104,12105,2337,52,2389
12105,12106,1704,29,1733
12106,12107,3405,18,3423
12107,12108,367,6,373
12108,12109,78,1,79
12109,12110,222,0,222
12110,12111,272,2,274
12111,12112,232,1,233
12112,12113,62,5,67
12113,12114,182,1,183
12114,12115,761,10,771
12115,12116,180,0,180
12116,12117,579,12,591
12117,12118,218,2,220
12118,12119,606,8,614
12119,12120,1345,20,1365
12120,12121,359,8,367
12121,12122,7261,97,7358
12122,12123,632,16,648
12123,12124,707,16,723
12124,12125,482,11,493
12125,12126,266,8,274
12126,12127,755,20,775
12127,12128,319,13,332
12128,12129,542,7,549
12129,12130,44,0,44
12130,12131,231,11,242
12131,12132,2645,57,2702
12132,12133,1954,108,2062
12133,12134,978,7,985
12134,12135,195,6,201
12135,12136,1048,11,1059
12136,12137,514,13,527
12137,12138,3693,65,3758
12138,12139,497,3,500
12139,12140,2672,38,2710
12140,12141,284,8,292
12141,12142,312,13,325
12142,12143,120,1,121
12143,12144,484,12,496
12144,12145,723,11,734
12145,12146,54821,977,55798
12146,12147,67,1,68
12147,12148,195,3,198
12148,12149,207,4,211
12149,12150,41,0,41
12150,12151,613,14,627
12151,12152,122,1,123
12152,12153,457,6,463
12153,12154,107,6,113
12154,12155,520,6,526
12155,12156,617,14,631
12156,12157,318,13,331
12157,12158,116,1,117
12158,12159,281,2,283
12159,12160,2247,54,2301
12160,12161,3369,73,3442
12161,12162,1979,9,1988
12162,12163,736,16,752
12163,12164,902,26,928
12164,12165,181,5,186
12165,12166,141,3,144
12166,12167,496,3,499
12167,12168,720,7,727
12168,12169,468,9,477
12169,12170,144,3,147
12170,12171,1325,36,1361
12171,12172,1195,15,1210
12172,12173,193,1,194
12173,12174,25992,374,26366
12174,12175,524,7,531
12175,12176,183,2,185
12176,12177,2268,36,2304
12177,12178,873,21,894
12178,12179,1323,14,1337
12179,12180,166,2,168
12180,12181,108,4,112
12181,12182,6288,114,6402
12182,12183,10646,272,10918
12183,12184,950,13,963
12184,12185,115,2,117
12185,12186,2545,101,2646
12186,12187,3662,62,3724
12187,12188,955,18,973
12188,12189,4127,29,4156
12189,12190,683,11,694
12190,12191,620,10,630
12191,12192,143,2,145
12192,12193,22555,275,22830
12193,12194,576,12,588
12194,12195,1345,9,1354
12195,12196,1786,40,1826
12196,12197,983,31,1014
12197,12198,1515,26,1541
12198,12199,2770,54,2824
12199,12200,324,5,329
12200,12201,150,1,151
12201,12202,126,3,129
12202,12203,2232,69,2301
12203,12204,94,6,100
12204,12205,11304,81,11385
12205,12206,4514,51,4565
12206,12207,77,1,78
12207,12208,96,1,97
12208,12209,2906,138,3044
12209,12210,351,4,355
12210,12211,161,2,163
12211,12212,275,4,279
12212,12213,216,4,220
12213,12214,4903,161,5064
12214,12215,286,1,287
12215,12216,4553,93,4646
12216,12217,11696,193,11889
12217,12218,69,2,71
12218,12219,119,6,125
12219,12220,1160,14,1174
12220,12221,181,3,184
12221,12222,9917,303,10220
12222,12223,428,3,431
12223,12224,974,48,1022
12224,12225,524,7,531
12225,12226,1756,20,1776
12226,12227,986,18,1004
12227,12228,879,21,900
12228,12229,537,8,545
12229,12230,145,1,146
12230,12231,120,0,120
12231,12232,121,0,121
12232,12233,45,0,45
12233,12234,1835,31,1866
12234,12235,73,0,73
12235,12236,1377,21,1398
12236,12237,5513,63,5576
12237,12238,867,13,880
12238,12239,2473,39,2512
12239,12240,730,14,744
12240,12241,663,20,683
12241,12242,33,0,33
12242,12243,3266,50,3316
12243,12244,999,17,1016
12244,12245,1635,12,1647
12245,12246,679,12,691
12246,12247,26698,691,27389
12247,12248,410,3,413
12248,12249,207,8,215
12249,12250,1319,19,1338
12250,12251,412,9,421
12251,12252,14784,201,14985
12252,12253,162,1,163
12253,12254,305,6,311
12254,12255,734,9,743
12255,12256,3202,38,3240
12256,12257,46,1,47
12257,12258,104,0,104
12258,12259,1423,24,1447
12259,12260,1234,15,1249
12260,12261,676,5,681
12261,12262,593,7,600
12262,12263,86,0,86
12263,12264,268,2,270
12264,12265,4040,45,4085
12265,12266,226,4,230
12266,12267,327,2,329
12267,12268,4680,75,4755
12268,12269,422,31,453
12269,12270,347,5,352
12270,12271,274,14,288
12271,12272,1744,35,1779
12272,12273,2665,58,2723
12273,12274,556,4,560
12274,12275,9482,236,9718
12275,12276,2185,58,2243
12276,12277,4048,37,4085
12277,12278,1115,26,1141
12278,12279,1183,7,1190
12279,12280,87,3,90
12280,12281,182,8,190
12281,12282,590,23,613
12282,12283,174,3,177
12283,12284,148,3,151
12284,12285,165,2,167
12285,12286,112,1,113
12286,12287,161,6,167
12287,12288,6548,135,6683
12288,12289,797,17,814
12289,12290,103,3,106
12290,12291,1748,20,1768
12291,12292,617,15,632
12292,12293,208,4,212
12293,12294,260,7,267
12294,12295,8750,121,8871
12295,12296,912,13,925
12296,12297,123,0,123
12297,12298,2263,37,2300
12298,12299,225,2,227
12299,12300,364,2,366
12300,12301,470,8,478
12301,12302,1453,22,1475
12302,12303,154,2,156
12303,12304,545,17,562
12304,12305,4405,57,4462
12305,12306,8717,78,8795
12306,12307,174,4,178
12307,12308,548,14,562
12308,12309,102,0,102
12309,12310,3221,102,3323
12310,12311,3610,43,3653
12311,12312,186,6,192
12312,12313,7847,151,7998
12313,12314,169,3,172
12314,12315,462,8,470
12315,12316,523,3,526
12316,12317,279,6,285
12317,12318,95,2,97
12318,12319,815,2,817
12319,12320,1149,17,1166
12320,12321,928,15,943
12321,12322,3546,72,3618
12322,12323,653,12,665
12323,12324,307,2,309
12324,12325,897,27,924
12325,12326,672,13,685
12326,12327,1160,21,1181
12327,12328,435,3,438
12328,12329,87,2,89
12329,12330,374,12,386
12330,12331,99,3,102
12331,12332,235,12,247
12332,12333,132,1,133
12333,12334,109,8,117
12334,12335,476,9,485
12335,12336,519,21,540
12336,12337,113,2,115
12337,12338,3418,47,3465
12338,12339,265,3,268
12339,12340,550,13,563
12340,12341,408,10,418
12341,12342,740,10,750
12342,12343,309,4,313
12343,12344,15296,405,15701
12344,12345,236,6,242
12345,12346,3893,46,3939
12346,12347,11477,290,11767
12347,12348,298,3,301
12348,12349,601,10,611
12349,12350,697,11,708
12350,12351,67981,704,68685
12351,12352,1807,39,1846
12352,12353,43626,657,44283
12353,12354,517,13,530
12354,12355,147,6,153
12355,12356,1015,35,1050
12356,12357,2966,49,3015
12357,12358,2112,24,2136
12358,12359,237,4,241
12359,12360,6522,61,6583
12360,12361,2168,66,2234
12361,12362,168,1,169
12362,12363,248,3,251
12363,12364,589,3,592
12364,12365,225,6,231
12365,12366,426,4,430
12366,12367,258,3,261
12367,12368,103,1,104
12368,12369,790,8,798
12369,12370,58,1,59
12370,12371,2665,30,2695
12371,12372,831,7,838
12372,12373,63748,250,63998
12373,12374,3371,31,3402
12374,12375,255,6,261
12375,12376,295,5,300
12376,12377,200,12,212
12377,12378,2137,35,2172
12378,12379,729,17,746
12379,12380,1049,11,1060
12380,12381,154,4,158
12381,12382,2277,61,2338
12382,12383,745,9,754
12383,12384,432,3,435
12384,12385,894,13,907
12385,12386,790,14,804
12386,12387,222,7,229
12387,12388,6167,68,6235
12388,12389,11,0,11
12389,12390,91,4,95
12390,12391,455,10,465
12391,12392,691,7,698
12392,12393,235,3,238
12393,12394,155,2,157
12394,12395,4047,78,4125
12395,12396,6808,102,6910
12396,12397,68,2,70
12397,12398,271,2,273
12398,12399,316,5,321
12399,12400,904,12,916
12400,12401,469,3,472
12401,12402,68,2,70
12402,12403,77,2,79
12403,12404,76,3,79
12404,12405,90,3,93
12405,12406,372,9,381
12406,12407,559,15,574
12407,12408,313,14,327
12408,12409,801,31,832
12409,12410,154,3,157
12410,12411,265,5,270
12411,12412,277,2,279
12412,12413,384,15,399
12413,12414,486,18,504
12414,12415,796,13,809
12415,12416,260,6,266
12416,12417,322,5,327
12417,12418,527,9,536
12418,12419,318,5,323
12419,12420,138,4,142
12420,12421,297,10,307
12421,12422,1816,20,1836
12422,12423,1391,21,1412
12423,12424,650,11,661
12424,12425,2571,50,2621
12425,12426,1970,49,2019
12426,12427,171,4,175
12427,12428,126,2,128
12428,12429,8470,159,8629
12429,12430,1059,22,1081
12430,12431,2665,31,2696
12431,12432,2156,56,2212
12432,12433,1279,23,1302
12433,12434,4676,49,4725
12434,12435,460,13,473
12435,12436,478,5,483
12436,12437,4434,134,4568
12437,12438,835,18,853
12438,12439,439,10,449
12439,12440,419,8,427
12440,12441,8219,186,8405
12441,12442,315,4,319
12442,12443,3779,69,3848
12443,12444,491,11,502
12444,12445,503,5,508
12445,12446,271,12,283
12446,12447,9354,237,9591
12447,12448,2752,28,2780
12448,12449,233,6,239
12449,12450,203,6,209
12450,12451,6346,93,6439
12451,12452,177,3,180
12452,12453,1783,54,1837
12453,12454,145,3,148
12454,12455,1168,31,1199
12455,12456,957,10,967
12456,12457,164,7,171
12457,12458,422,5,427
12458,12459,1273,23,1296
12459,12460,813,8,821
12460,12461,579,4,583
12461,12462,659,16,675
12462,12463,253,4,257
12463,12464,345,4,349
12464,12465,190,6,196
12465,12466,877,11,888
12466,12467,119,8,127
12467,12468,7600,255,7855
12468,12469,171,2,173
12469,12470,1132,26,1158
12470,12471,2300,64,2364
12471,12472,82,1,83
12472,12473,178,7,185
12473,12474,2105,70,2175
12474,12475,695,5,700
12475,12476,835,10,845
12476,12477,148,7,155
12477,12478,563,8,571
12478,12479,1379,30,1409
12479,12480,145,3,148
12480,12481,195,1,196
12481,12482,178,3,181
12482,12483,1226,13,1239
12483,12484,783,17,800
12484,12485,545,6,551
12485,12486,264,2,266
12486,12487,795,7,802
12487,12488,373,2,375
12488,12489,1119,35,1154
12489,12490,206,0,206
12490,12491,1367,39,1406
12491,12492,1147,50,1197
12492,12493,1145,26,1171
12493,12494,519,10,529
12494,12495,263,6,269
12495,12496,199,2,201
12496,12497,500,15,515
12497,12498,118,2,120
12498,12499,405,6,411
12499,12500,472,10,482
12500,12501,10344,111,10455
12501,12502,269,1,270
12502,12503,51,1,52
12503,12504,683,16,699
12504,12505,99,1,100
12505,12506,983,21,1004
12506,12507,297,6,303
12507,12508,1027,30,1057
12508,12509,321,6,327
12509,12510,112,3,115
12510,12511,9557,322,9879
12511,12512,655,20,675
12512,12513,3015,68,3083
12513,12514,19652,155,19807
12514,12515,103,3,106
12515,12516,854,16,870
12516,12517,896,18,914
12517,12518,6076,76,6152
12518,12519,285,13,298
12519,12520,1410,29,1439
12520,12521,995,35,1030
12521,12522,222,3,225
12522,12523,1857,53,1910
12523,12524,27,0,27
12524,12525,311,6,317
12525,12526,96,4,100
12526,12527,521,11,532
12527,12528,283,7,290
12528,12529,1550,37,1587
12529,12530,113,4,117
12530,12531,438,7,445
12531,12532,3850,39,3889
12532,12533,1528,13,1541
12533,12534,102,1,103
12534,12535,124,3,127
12535,12536,148,0,148
12536,12537,3519,223,3742
12537,12538,827,20,847
12538,12539,1224,15,1239
12539,12540,161,4,165
12540,12541,301,2,303
12541,12542,82,1,83
12542,12543,86,0,86
12543,12544,862,19,881
12544,12545,869,27,896
12545,12546,2482,95,2577
12546,12547,656,9,665
12547,12548,98,2,100
12548,12549,179,3,182
12549,12550,141,5,146
12550,12551,25,0,25
12551,12552,4349,41,4390
12552,12553,5772,117,5889
12553,12554,290,9,299
12554,12555,347,5,352
12555,12556,32,0,32
12556,12557,371,4,375
12557,12558,1137,20,1157
12558,12559,1322,35,1357
12559,12560,183,2,185
12560,12561,1801,33,1834
12561,12562,546,62,608
12562,12563,525,7,532
12563,12564,387,13,400
12564,12565,4406,98,4504
12565,12566,96,3,99
12566,12567,1106,14,1120
12567,12568,351,13,364
12568,12569,373,9,382
12569,12570,451,8,459
12570,12571,279,5,284
12571,12572,73,4,77
12572,12573,147,4,151
12573,12574,302,1,303
12574,12575,438,2,440
12575,12576,734,12,746
12576,12577,1153,18,1171
12577,12578,512,11,523
12578,12579,558,3,561
12579,12580,1438,20,1458
12580,12581,43,0,43
12581,12582,8049,167,8216
12582,12583,265,6,271
12583,12584,1509,20,1529
12584,12585,16741,132,16873
12585,12586,1440,33,1473
12586,12587,227,2,229
12587,12588,1039,16,1055
12588,12589,591,13,604
12589,12590,2171,28,2199
12590,12591,420,2,422
12591,12592,248,9,257
12592,12593,629,10,639
12593,12594,1261,23,1284
12594,12595,38444,412,38856
12595,12596,2561,33,2594
12596,12597,1752,28,1780
12597,12598,268,3,271
12598,12599,1132,17,1149
12599,12600,551,14,565
12600,12601,679,14,693
12601,12602,91,3,94
12602,12603,750,17,767
12603,12604,283,7,290
12604,12605,964,34,998
12605,12606,2520,51,2571
12606,12607,322,6,328
12607,12608,301,0,301
12608,12609,250,3,253
12609,12610,399,2,401
12610,12611,226,1,227
12611,12612,332,3,335
12612,12613,1136,31,1167
12613,12614,1114,26,1140
12614,12615,651,13,664
12615,12616,4045,95,4140
12616,12617,47,0,47
12617,12618,219,6,225
12618,12619,641,26,667
12619,12620,2003,15,2018
12620,12621,100,2,102
12621,12622,44,2,46
12622,12623,2137,46,2183
12623,12624,47,2,49
12624,12625,511,11,522
12625,12626,899,22,921
12626,12627,439,10,449
12627,12628,432,9,441
12628,12629,2367,79,2446
12629,12630,131,7,138
12630,12631,365,10,375
12631,12632,221,12,233
12632,12633,441,12,453
12633,12634,54,2,56
12634,12635,605,7,612
12635,12636,589,15,604
12636,12637,521,3,524
12637,12638,329,7,336
12638,12639,141,6,147
12639,12640,64,1,65
12640,12641,1175,44,1219
12641,12642,1704,34,1738
12642,12643,1129,17,1146
12643,12644,68,0,68
12644,12645,160,5,165
12645,12646,911,25,936
12646,12647,297,11,308
12647,12648,1233,30,1263
12648,12649,554,12,566
12649,12650,430,4,434
12650,12651,7102,240,7342
12651,12652,18,2,20
12652,12653,1223,19,1242
12653,12654,247,7,254
12654,12655,372,7,379
12655,12656,102,3,105
12656,12657,2022,67,2089
12657,12658,270,5,275
12658,12659,158,2,160
12659,12660,208,2,210
12660,12661,1548,34,1582
12661,12662,1252,20,1272
12662,12663,203,5,208
12663,12664,593,13,606
12664,12665,121,1,122
12665,12666,171,4,175
12666,12667,57,0,57
12667,12668,537,7,544
12668,12669,179,3,182
12669,12670,119,1,120
12670,12671,35,1,36
12671,12672,807,12,819
12672,12673,72,1,73
12673,12674,11344,103,11447
12674,12675,309,9,318
12675,12676,630,12,642
12676,12677,2162,54,2216
12677,12678,1689,41,1730
12678,12679,142,2,144
12679,12680,266,2,268
12680,12681,126,4,130
12681,12682,81,1,82
12682,12683,1465,14,1479
12683,12684,122,5,127
12684,12685,169,5,174
12685,12686,607,5,612
12686,12687,17454,127,17581
12687,12688,56,1,57
12688,12689,206,6,212
12689,12690,128,1,129
12690,12691,212,3,215
12691,12692,69,4,73
12692,12693,188,5,193
12693,12694,381,17,398
12694,12695,3843,46,3889
12695,12696,552,10,562
12696,12697,132,7,139
12697,12698,93,3,96
12698,12699,295,9,304
12699,12700,6570,53,6623
12700,12701,806,17,823
12701,12702,2450,19,2469
12702,12703,1198,22,1220
12703,12704,585,24,609
12704,12705,404,2,406
12705,12706,537,23,560
12706,12707,212,2,214
12707,12708,4394,92,4486
12708,12709,204,6,210
12709,12710,5496,102,5598
12710,12711,170,4,174
12711,12712,1199,33,1232
12712,12713,289,8,297
12713,12714,658,12,670
12714,12715,833,15,848
12715,12716,857,23,880
12716,12717,720,26,746
12717,12718,653,25,678
12718,12719,253,3,256
12719,12720,782,25,807
12720,12721,598,17,615
12721,12722,2097,39,2136
12722,12723,1067,20,1087
12723,12724,442,9,451
12724,12725,384,10,394
12725,12726,1422,31,1453
12726,12727,665,14,679
12727,12728,269,3,272
12728,12729,174,3,177
12729,12730,1495,26,1521
12730,12731,1203,20,1223
12731,12732,6786,216,7002
12732,12733,1510,30,1540
12733,12734,427,2,429
12734,12735,549,10,559
12735,12736,242,10,252
12736,12737,1163,21,1184
12737,12738,2515,35,2550
12738,12739,638,7,645
12739,12740,13263,150,13413
12740,12741,1660,32,1692
12741,12742,734,22,756
12742,12743,719,3,722
12743,12744,147,4,151
12744,12745,526,5,531
12745,12746,312,7,319
12746,12747,474,11,485
12747,12748,139,2,141
12748,12749,225,4,229
12749,12750,154,3,157
12750,12751,3192,59,3251
12751,12752,376,7,383
12752,12753,207,3,210
12753,12754,1267,18,1285
12754,12755,973,21,994
12755,12756,24903,245,25148
12756,12757,1715,26,1741
12757,12758,239,7,246
12758,12759,793,18,811
12759,12760,945,12,957
12760,12761,1795,30,1825
12761,12762,1357,15,1372
12762,12763,1079,12,1091
12763,12764,637,10,647
12764,12765,913,16,929
12765,12766,1080,22,1102
12766,12767,2256,39,2295
12767,12768,506,10,516
12768,12769,586,24,610
12769,12770,158,4,162
12770,12771,266,5,271
12771,12772,779,19,798
12772,12773,1243,20,1263
12773,12774,799,15,814
12774,12775,256,1,257
12775,12776,1052,15,1067
12776,12777,7961,239,8200
12777,12778,397,9,406
12778,12779,2061,35,2096
12779,12780,2024,24,2048
12780,12781,1756,31,1787
12781,12782,1279,25,1304
12782,12783,73,1,74
12783,12784,6410,196,6606
12784,12785,2255,86,2341
12785,12786,1371,37,1408
12786,12787,2554,18,2572
12787,12788,157,5,162
12788,12789,504,7,511
12789,12790,32071,173,32244
12790,12791,3297,110,3407
12791,12792,196,26,222
12792,12793,924,14,938
12793,12794,4629,81,4710
12794,12795,1587,35,1622
12795,12796,4746,42,4788
12796,12797,67,3,70
12797,12798,90,0,90
12798,12799,290,3,293
12799,12800,102,0,102
12800,12801,2865,56,2921
12801,12802,4326,157,4483
12802,12803,252,4,256
12803,12804,5229,56,5285
12804,12805,61,2,63
12805,12806,124,5,129
12806,12807,128,4,132
12807,12808,593,17,610
12808,12809,1106,13,1119
12809,12810,304,7,311
12810,12811,109,1,110
12811,12812,316,6,322
12812,12813,12063,216,12279
12813,12814,190,3,193
12814,12815,241,10,251
12815,12816,1165,12,1177
12816,12817,16584,318,16902
12817,12818,5626,153,5779
12818,12819,550,14,564
12819,12820,1634,28,1662
12820,12821,477,8,485
12821,12822,661,14,675
12822,12823,20042,493,20535
12823,12824,2865,70,2935
12824,12825,787,17,804
12825,12826,770,16,786
12826,12827,11798,164,11962
12827,12828,1527,38,1565
12828,12829,3163,72,3235
12829,12830,8288,41,8329
12830,12831,1501,23,1524
12831,12832,2783,59,2842
12832,12833,4850,138,4988
12833,12834,279,7,286
12834,12835,142,5,147
12835,12836,50,1,51
12836,12837,89,0,89
12837,12838,54,0,54
12838,12839,876,23,899
12839,12840,1633,40,1673
12840,12841,256,11,267
12841,12842,346,14,360
12842,12843,14059,199,14258
12843,12844,208,10,218
12844,12845,4453,185,4638
12845,12846,1182,8,1190
12846,12847,2643,105,2748
12847,12848,894,20,914
12848,12849,1923,44,1967
12849,12850,618,95,713
12850,12851,101,3,104
12851,12852,337,3,340
12852,12853,5078,163,5241
12853,12854,455,9,464
12854,12855,1100,12,1112
12855,12856,828,33,861
12856,12857,496,5,501
12857,12858,737,15,752
12858,12859,98,0,98
12859,12860,2179,48,2227
12860,12861,1035,40,1075
12861,12862,1224,30,1254
12862,12863,34,0,34
12863,12864,6509,51,6560
12864,12865,208,1,209
12865,12866,961,34,995
12866,12867,109,0,109
12867,12868,154,3,157
12868,12869,106,1,107
12869,12870,200,2,202
12870,12871,383,7,390
12871,12872,340,13,353
12872,12873,287,7,294
12873,12874,980,14,994
12874,12875,1614,95,1709
12875,12876,203,7,210
12876,12877,670,13,683
12877,12878,873,22,895
12878,12879,494,5,499
12879,12880,16255,542,16797
12880,12881,321,6,327
12881,12882,452,9,461
12882,12883,576,9,585
12883,12884,926,17,943
12884,12885,673,10,683
12885,12886,147,0,147
12886,12887,1224,20,1244
12887,12888,3646,61,3707
12888,12889,1047,28,1075
12889,12890,181,2,183
12890,12891,516,10,526
12891,12892,561,6,567
12892,12893,1069,21,1090
12893,12894,150,4,154
12894,12895,246,6,252
12895,12896,54,0,54
12896,12897,38,1,39
12897,12898,1868,35,1903
12898,12899,3049,44,3093
12899,12900,368,5,373
12900,12901,136,1,137
12901,12902,97,1,98
12902,12903,47,1,48
12903,12904,496,2,498
12904,12905,2781,35,2816
12905,12906,436,8,444
12906,12907,3283,73,3356
12907,12908,70,0,70
12908,12909,2272,52,2324
12909,12910,1417,18,1435
12910,12911,1054,18,1072
12911,12912,236,2,238
12912,12913,752,57,809
12913,12914,566,11,577
12914,12915,178,7,185
12915,12916,2075,49,2124
12916,12917,142,2,144
12917,12918,676,17,693
12918,12919,6270,83,6353
12919,12920,722,10,732
12920,12921,881,17,898
12921,12922,94,0,94
12922,12923,1768,36,1804
12923,12924,742,14,756
12924,12925,899,20,919
12925,12926,1200,24,1224
12926,12927,475,10,485
12927,12928,4526,101,4627
12928,12929,600,14,614
12929,12930,4143,150,4293
12930,12931,70,2,72
12931,12932,573,11,584
12932,12933,1272,19,1291
12933,12934,696,10,706
12934,12935,1124,15,1139
12935,12936,445,8,453
12936,12937,2629,89,2718
12937,12938,730,14,744
12938,12939,511,9,520
12939,12940,4028,61,4089
12940,12941,331,7,338
12941,12942,221,3,224
12942,12943,247,1,248
12943,12944,4420,491,4911
12944,12945,684,6,690
12945,12946,682,18,700
12946,12947,3235,70,3305
12947,12948,732,12,744
12948,12949,89,1,90
12949,12950,786,18,804
12950,12951,160,2,162
12951,12952,115,2,117
12952,12953,2152,37,2189
12953,12954,1941,41,1982
12954,12955,256,2,258
12955,12956,2562,57,2619
12956,12957,1029,27,1056
12957,12958,325,10,335
12958,12959,2,0,2
12959,12960,1654,47,1701
12960,12961,424,10,434
12961,12962,694,14,708
12962,12963,5574,98,5672
12963,12964,212,10,222
12964,12965,1128,24,1152
12965,12966,158,1,159
12966,12967,2363,27,2390
12967,12968,614,11,625
12968,12969,546,10,556
12969,12970,2122,98,2220
12970,12971,1778,79,1857
12971,12972,327,6,333
12972,12973,351,8,359
12973,12974,83,0,83
12974,12975,412,6,418
12975,12976,1616,38,1654
12976,12977,154,1,155
12977,12978,165,8,173
12978,12979,207,2,209
12979,12980,315,6,321
12980,12981,107,2,109
12981,12982,1939,29,1968
12982,12983,192,2,194
12983,12984,78,0,78
12984,12985,195,0,195
12985,12986,541,24,565
12986,12987,369,5,374
12987,12988,1059,15,1074
12988,12989,20692,404,21096
12989,12990,805,19,824
12990,12991,476,6,482
12991,12992,836,31,867
12992,12993,140,1,141
12993,12994,154,1,155
12994,12995,813,10,823
12995,12996,1267,15,1282
12996,12997,158,1,159
12997,12998,243,4,247
12998,12999,1276,114,1390
12999,13000,179,10,189
13000,13001,594,14,608
13001,13002,34,0,34
13002,13003,465,7,472
13003,13004,616,36,652
13004,13005,1083,14,1097
13005,13006,3799,58,3857
13006,13007,47,2,49
13007,13008,39,1,40
13008,13009,1151,22,1173
13009,13010,283,6,289
13010,13011,966,17,983
13011,13012,215,5,220
13012,13013,1011,19,1030
13013,13014,337,12,349
13014,13015,983,26,1009
13015,13016,533,23,556
13016,13017,128,1,129
13017,13018,375,5,380
13018,13019,46,2,48
13019,13020,469,14,483
13020,13021,530,8,538
13021,13022,572,21,593
13022,13023,681,14,695
13023,13024,1496,26,1522
13024,13025,402,10,412
13025,13026,1295,15,1310
13026,13027,336,13,349
13027,13028,244,4,248
13028,13029,208,4,212
13029,13030,711,17,728
13030,13031,395,6,401
13031,13032,47,3,50
13032,13033,194,3,197
13033,13034,176,3,179
13034,13035,408,10,418
13035,13036,109,1,110
13036,13037,798,8,806
13037,13038,1074,16,1090
13038,13039,104,2,106
13039,13040,113,3,116
13040,13041,900,7,907
13041,13042,3357,49,3406
13042,13043,381,5,386
13043,13044,528,10,538
13044,13045,170,0,170
13045,13046,1475,27,1502
13046,13047,87,2,89
13047,13048,3145,45,3190
13048,13049,254,4,258
13049,13050,3338,105,3443
13050,13051,66,1,67
13051,13052,61,4,65
13052,13053,262,2,264
13053,13054,517,15,532
13054,13055,468,8,476
13055,13056,419,11,430
13056,13057,72,1,73
13057,13058,726,20,746
13058,13059,449,3,452
13059,13060,504,13,517
13060,13061,979,21,1000
13061,13062,115,2,117
13062,13063,102,0,102
13063,13064,935,18,953
13064,13065,179,5,184
13065,13066,916,6,922
13066,13067,413,6,419
13067,13068,261,6,267
13068,13069,300,5,305
13069,13070,452,6,458
13070,13071,2302,66,2368
13071,13072,426,7,433
13072,13073,197,6,203
13073,13074,91,1,92
13074,13075,763,7,770
13075,13076,2034,26,2060
13076,13077,140,1,141
13077,13078,11741,92,11833
13078,13079,78,1,79
13079,13080,144,6,150
13080,13081,699,20,719
13081,13082,115,0,115
13082,13083,10180,218,10398
13083,13084,135,1,136
13084,13085,162,3,165
13085,13086,990,16,1006
13086,13087,662,18,680
13087,13088,241,4,245
13088,13089,232,7,239
13089,13090,3663,77,3740
13090,13091,247,8,255
13091,13092,431,10,441
13092,13093,2219,44,2263
13093,13094,480,12,492
13094,13095,391,9,400
13095,13096,165,3,168
13096,13097,89,0,89
13097,13098,799,27,826
13098,13099,162,3,165
13099,13100,282,17,299
13100,13101,532,14,546
13101,13102,226,12,238
13102,13103,589,17,606
13103,13104,507,10,517
13104,13105,672,8,680
13105,13106,442,9,451
13106,13107,201,6,207
13107,13108,261,3,264
13108,13109,814,20,834
13109,13110,260,3,263
13110,13111,569,10,579
13111,13112,279,10,289
13112,13113,932,17,949
13113,13114,252,5,257
13114,13115,1701,25,1726
13115,13116,613,8,621
13116,13117,8577,94,8671
13117,13118,256,4,260
13118,13119,1054,29,1083
13119,13120,238,2,240
13120,13121,984,20,1004
13121,13122,4171,53,4224
13122,13123,757,16,773
13123,13124,1886,67,1953
13124,13125,4682,96,4778
13125,13126,4338,91,4429
13126,13127,1004,26,1030
13127,13128,562,14,576
13128,13129,584,6,590
13129,13130,858,24,882
13130,13131,688,11,699
13131,13132,118,1,119
13132,13133,400,5,405
13133,13134,189,2,191
13134,13135,261,4,265
13135,13136,1016,181,1197
13136,13137,130,3,133
13137,13138,3140,90,3230
13138,13139,105,3,108
13139,13140,720,132,852
13140,13141,316,5,321
13141,13142,2384,30,2414
13142,13143,387,3,390
13143,13144,448,31,479
13144,13145,139,2,141
13145,13146,437,10,447
13146,13147,54,2,56
13147,13148,192,2,194
13148,13149,626,6,632
13149,13150,291,8,299
13150,13151,566,15,581
13151,13152,158,3,161
13152,13153,19551,406,19957
13153,13154,308,1,309
13154,13155,1446,26,1472
13155,13156,642,4,646
13156,13157,83,0,83
13157,13158,136,3,139
13158,13159,28,1,29
13159,13160,4742,57,4799
13160,13161,66,0,66
13161,13162,688,24,712
13162,13163,1384,16,1400
13163,13164,110,1,111
13164,13165,33,0,33
13165,13166,113,5,118
13166,13167,99,4,103
13167,13168,395,11,406
13168,13169,101,6,107
13169,13170,542,6,548
13170,13171,4524,116,4640
13171,13172,650,11,661
13172,13173,1226,18,1244
13173,13174,778,15,793
13174,13175,316,3,319
13175,13176,571,13,584
13176,13177,34,0,34
13177,13178,747,38,785
13178,13179,72,1,73
13179,13180,502,5,507
13180,13181,330,13,343
13181,13182,1536,19,1555
13182,13183,158,0,158
13183,13184,5782,88,5870
13184,13185,153,5,158
13185,13186,2586,36,2622
13186,13187,149,2,151
13187,13188,4054,117,4171
13188,13189,504,8,512
13189,13190,141,2,143
13190,13191,554,27,581
13191,13192,35993,381,36374
13192,13193,1637,58,1695
13193,13194,713,16,729
13194,13195,717,7,724
13195,13196,1709,53,1762
13196,13197,1299,28,1327
13197,13198,169,1,170
13198,13199,7898,157,8055
13199,13200,627,14,641
13200,13201,709,17,726
13201,13202,240,4,244
13202,13203,264,7,271
13203,13204,904,15,919
13204,13205,149,4,153
13205,13206,1018,11,1029
13206,13207,1276,18,1294
13207,13208,109,0,109
13208,13209,540,10,550
13209,13210,1137,19,1156
13210,13211,1157,22,1179
13211,13212,500,5,505
13212,13213,342,11,353
13213,13214,45053,128,45181
13214,13215,7764,260,8024
13215,13216,788,9,797
13216,13217,46,1,47
13217,13218,2677,71,2748
13218,13219,2308,43,2351
13219,13220,189,2,191
13220,13221,455,12,467
13221,13222,18774,428,19202
13222,13223,324,16,340
13223,13224,73,1,74
13224,13225,341,5,346
13225,13226,432,7,439
13226,13227,624,12,636
13227,13228,1078,23,1101
13228,13229,223,3,226
13229,13230,885,32,917
13230,13231,3779,96,3875
13231,13232,151,3,154
13232,13233,486,9,495
13233,13234,382,8,390
13234,13235,153,2,155
13235,13236,666,8,674
13236,13237,79,2,81
13237,13238,2379,59,2438
13238,13239,180,1,181
13239,13240,96,3,99
13240,13241,98,2,100
13241,13242,652,12,664
13242,13243,210,4,214
13243,13244,259,11,270
13244,13245,5820,133,5953
13245,13246,526,10,536
13246,13247,4829,277,5106
13247,13248,362,2,364
13248,13249,65,1,66
13249,13250,149,2,151
13250,13251,3768,44,3812
13251,13252,1191,18,1209
13252,13253,295,7,302
13253,13254,530,13,543
13254,13255,1396,27,1423
13255,13256,398,11,409
13256,13257,272,5,277
13257,13258,1165,16,1181
13258,13259,1017,16,1033
13259,13260,1419,34,1453
13260,13261,155,5,160
13261,13262,307,5,312
13262,13263,12,1,13
13263,13264,592,8,600
13264,13265,236,1,237
13265,13266,433,4,437
13266,13267,8744,104,8848
13267,13268,9614,118,9732
13268,13269,328,4,332
13269,13270,665,8,673
13270,13271,31,1,32
13271,13272,572,12,584
13272,13273,632,7,639
13273,13274,5315,157,5472
13274,13275,328,5,333
13275,13276,746,14,760
13276,13277,241,2,243
13277,13278,160,3,163
13278,13279,1545,22,1567
13279,13280,762,13,775
13280,13281,221,4,225
13281,13282,197,2,199
13282,13283,5186,402,5588
13283,13284,3659,55,3714
13284,13285,555,4,559
13285,13286,8862,337,9199
13286,13287,510,9,519
13287,13288,4933,48,4981
13288,13289,279,7,286
13289,13290,969,27,996
13290,13291,526,9,535
13291,13292,2060,159,2219
13292,13293,7404,160,7564
13293,13294,1055,14,1069
13294,13295,458,11,469
13295,13296,621,18,639
13296,13297,3092,62,3154
13297,13298,9637,85,9722
13298,13299,174,4,178
13299,13300,770,28,798
13300,13301,1289,22,1311
13301,13302,642,15,657
13302,13303,466,10,476
13303,13304,1100,10,1110
13304,13305,2785,40,2825
13305,13306,14858,1071,15929
13306,13307,96,2,98
13307,13308,136,1,137
13308,13309,606,6,612
13309,13310,28,0,28
13310,13311,202,2,204
13311,13312,2653,96,2749
13312,13313,227,4,231
13313,13314,1947,31,1978
13314,13315,209,13,222
13315,13316,520,11,531
13316,13317,320,10,330
13317,13318,328,4,332
13318,13319,3438,122,3560
13319,13320,161,1,162
13320,13321,200,4,204
13321,13322,624,9,633
13322,13323,146,1,147
13323,13324,519,7,526
13324,13325,2311,49,2360
13325,13326,215,6,221
13326,13327,1108,25,1133
13327,13328,4666,64,4730
13328,13329,850,7,857
13329,13330,341,4,345
13330,13331,1671,41,1712
13331,13332,39,2,41
13332,13333,904,19,923
13333,13334,54,2,56
13334,13335,2571,58,2629
13335,13336,239,4,243
13336,13337,4701,41,4742
13337,13338,2093,45,2138
13338,13339,2838,135,2973
13339,13340,74,2,76
13340,13341,3962,80,4042
13341,13342,384,8,392
13342,13343,118,4,122
13343,13344,1115,34,1149
13344,13345,1847,42,1889
13345,13346,29642,247,29889
13346,13347,5114,100,5214
13347,13348,3111,67,3178
13348,13349,169,4,173
13349,13350,7010,105,7115
13350,13351,91,5,96
13351,13352,802,6,808
13352,13353,31,1,32
13353,13354,975,17,992
13354,13355,234,6,240
13355,13356,569,17,586
13356,13357,387,15,402
13357,13358,278,11,289
13358,13359,279,7,286
13359,13360,16,0,16
13360,13361,282,3,285
13361,13362,5639,49,5688
13362,13363,1943,46,1989
13363,13364,168,3,171
13364,13365,623,15,638
13365,13366,4998,96,5094
13366,13367,5172,41,5213
13367,13368,135,0,135
13368,13369,8696,104,8800
13369,13370,2833,35,2868
13370,13371,89,1,90
13371,13372,563,8,571
13372,13373,796,17,813
13373,13374,95,3,98
13374,13375,479,10,489
13375,13376,563,6,569
13376,13377,861,20,881
13377,13378,1711,21,1732
13378,13379,402,12,414
13379,13380,587,12,599
13380,13381,482,4,486
13381,13382,124,8,132
13382,13383,553,11,564
13383,13384,322,3,325
13384,13385,174,1,175
13385,13386,4249,147,4396
13386,13387,3177,35,3212
13387,13388,630,11,641
13388,13389,1125,24,1149
13389,13390,124,2,126
13390,13391,1320,35,1355
13391,13392,11173,336,11509
13392,13393,4691,111,4802
13393,13394,464,14,478
13394,13395,224,1,225
13395,13396,609,5,614
13396,13397,375,16,391
13397,13398,8,0,8
13398,13399,318,7,325
13399,13400,166,5,171
13400,13401,372,3,375
13401,13402,458,10,468
13402,13403,77,0,77
13403,13404,1392,19,1411
13404,13405,1258,25,1283
13405,13406,281,3,284
13406,13407,271,5,276
13407,13408,259,3,262
13408,13409,307,5,312
13409,13410,304,0,304
13410,13411,134,5,139
13411,13412,141,5,146
13412,13413,431,4,435
13413,13414,667,11,678
13414,13415,168,5,173
13415,13416,329,10,339
13416,13417,209,2,211
13417,13418,534,7,541
13418,13419,1650,18,1668
13419,13420,547,18,565
13420,13421,608,6,614
13421,13422,238,2,240
13422,13423,129,5,134
13423,13424,334,6,340
13424,13425,427,9,436
13425,13426,2541,54,2595
13426,13427,3336,75,3411
13427,13428,274,5,279
13428,13429,600,11,611
13429,13430,385,5,390
13430,13431,153,3,156
13431,13432,461,6,467
13432,13433,839,12,851
13433,13434,480,6,486
13434,13435,123,0,123
13435,13436,1793,54,1847
13436,13437,386,5,391
13437,13438,158,1,159
13438,13439,530,6,536
13439,13440,2540,25,2565
13440,13441,192,3,195
13441,13442,53,1,54
13442,13443,726,18,744
13443,13444,220,5,225
13444,13445,80,2,82
13445,13446,748,17,765
13446,13447,2467,30,2497
13447,13448,521,8,529
13448,13449,220,10,230
13449,13450,206,4,210
13450,13451,69,0,69
13451,13452,91,3,94
13452,13453,2338,66,2404
13453,13454,10641,135,10776
13454,13455,823,21,844
13455,13456,222,6,228
13456,13457,2082,33,2115
13457,13458,1512,47,1559
13458,13459,3329,81,3410
13459,13460,290,12,302
13460,13461,80,3,83
13461,13462,562,10,572
13462,13463,772,19,791
13463,13464,74,1,75
13464,13465,2635,56,2691
13465,13466,3240,53,3293
13466,13467,154,8,162
13467,13468,21856,188,22044
13468,13469,411,11,422
13469,13470,31,0,31
13470,13471,1143,24,1167
13471,13472,360,3,363
13472,13473,1181,21,1202
13473,13474,110,7,117
13474,13475,117,1,118
13475,13476,309,3,312
13476,13477,598,16,614
13477,13478,404,3,407
13478,13479,136,5,141
13479,13480,178,3,181
13480,13481,561,17,578
13481,13482,1621,17,1638
13482,13483,336,6,342
13483,13484,352,15,367
13484,13485,204,5,209
13485,13486,759,9,768
13486,13487,1011,16,1027
13487,13488,65,1,66
13488,13489,1019,30,1049
13489,13490,1502,43,1545
13490,13491,1547,24,1571
13491,13492,3300,62,3362
13492,13493,1014,23,1037
13493,13494,281,6,287
13494,13495,186,6,192
13495,13496,847,20,867
13496,13497,2637,36,2673
13497,13498,135,4,139
13498,13499,1685,34,1719
13499,13500,120,3,123
13500,13501,6290,140,6430
13501,13502,136,0,136
13502,13503,1674,24,1698
13503,13504,2141,32,2173
13504,13505,416,22,438
13505,13506,193,3,196
13506,13507,64,3,67
13507,13508,162,2,164
13508,13509,1206,34,1240
13509,13510,450,9,459
13510,13511,12120,611,12731
13511,13512,144,2,146
13512,13513,364,3,367
13513,13514,1371,41,1412
13514,13515,1692,21,1713
13515,13516,795,15,810
13516,13517,553,20,573
13517,13518,505,11,516
13518,13519,212,8,220
13519,13520,241,5,246
13520,13521,6524,73,6597
13521,13522,1061,11,1072
13522,13523,4920,208,5128
13523,13524,313,8,321
13524,13525,1858,65,1923
13525,13526,1326,34,1360
13526,13527,2049,35,2084
13527,13528,4971,121,5092
13528,13529,1461,25,1486
13529,13530,343,3,346
13530,13531,578,6,584
13531,13532,333,10,343
13532,13533,177,2,179
13533,13534,506,12,518
13534,13535,379,10,389
13535,13536,183,7,190
13536,13537,640,10,650
13537,13538,187,2,189
13538,13539,2378,37,2415
13539,13540,66,1,67
13540,13541,927,28,955
13541,13542,155,2,157
13542,13543,301,1,302
13543,13544,199,8,207
13544,13545,544,9,553
13545,13546,139,2,141
13546,13547,357,8,365
13547,13548,185,2,187
13548,13549,697,7,704
13549,13550,193,4,197
13550,13551,959,31,990
13551,13552,555,16,571
13552,13553,254,2,256
13553,13554,377,7,384
13554,13555,160,1,161
13555,13556,357,13,370
13556,13557,317,15,332
13557,13558,206,3,209
13558,13559,115,4,119
13559,13560,279,1,280
13560,13561,4331,46,4377
13561,13562,240,3,243
13562,13563,353,5,358
13563,13564,420,5,425
13564,13565,1022,9,1031
13565,13566,285,3,288
13566,13567,1057,20,1077
13567,13568,181,6,187
13568,13569,1704,31,1735
13569,13570,353,1,354
13570,13571,76,2,78
13571,13572,132,2,134
13572,13573,206,1,207
13573,13574,6519,61,6580
13574,13575,95,1,96
13575,13576,198,3,201
13576,13577,271,4,275
13577,13578,334,7,341
13578,13579,630,17,647
13579,13580,72,3,75
13580,13581,168,6,174
13581,13582,624,4,628
13582,13583,742,12,754
13583,13584,51,1,52
13584,13585,1137,38,1175
13585,13586,93,2,95
13586,13587,565,5,570
13587,13588,38,0,38
13588,13589,3766,128,3894
13589,13590,997,31,1028
13590,13591,6626,99,6725
13591,13592,4379,86,4465
13592,13593,2739,32,2771
13593,13594,314,10,324
13594,13595,165,1,166
13595,13596,55,3,58
13596,13597,504,11,515
13597,13598,191,1,192
13598,13599,2282,65,2347
13599,13600,32985,420,33405
13600,13601,2447,42,2489
13601,13602,140,3,143
13602,13603,453,15,468
13603,13604,164,1,165
13604,13605,96,0,96
13605,13606,148,6,154
13606,13607,879,21,900
13607,13608,157,5,162
13608,13609,264,6,270
13609,13610,599,10,609
13610,13611,169,4,173
13611,13612,451,13,464
13612,13613,69,1,70
13613,13614,12051,133,12184
13614,13615,2199,31,2230
13615,13616,763,13,776
13616,13617,999,15,1014
13617,13618,176,1,177
13618,13619,8530,546,9076
13619,13620,1227,20,1247
13620,13621,1525,25,1550
13621,13622,1290,13,1303
13622,13623,1277,24,1301
13623,13624,127,4,131
13624,13625,7872,48,7920
13625,13626,2403,85,2488
13626,13627,10317,80,10397
13627,13628,740,9,749
13628,13629,920,26,946
13629,13630,470,5,475
13630,13631,2547,43,2590
13631,13632,3591,113,3704
13632,13633,193,8,201
13633,13634,288,5,293
13634,13635,701,11,712
13635,13636,3483,67,3550
13636,13637,131,1,132
13637,13638,3022,52,3074
13638,13639,527,11,538
13639,13640,479,37,516
13640,13641,2713,576,3289
13641,13642,160,8,168
13642,13643,1814,44,1858
13643,13644,285,4,289
13644,13645,1194,38,1232
13645,13646,622,10,632
13646,13647,1560,31,1591
13647,13648,560,36,596
13648,13649,141,2,143
13649,13650,1577,41,1618
13650,13651,3395,64,3459
13651,13652,808,27,835
13652,13653,1528,38,1566
13653,13654,889,14,903
13654,13655,604,13,617
13655,13656,11149,342,11491
13656,13657,164,4,168
13657,13658,55147,2956,58103
13658,13659,283,10,293
13659,13660,331,9,340
13660,13661,3977,159,4136
13661,13662,104,3,107
13662,13663,77205,2128,79333
13663,13664,285,9,294
13664,13665,75,0,75
13665,13666,60,2,62
13666,13667,553,14,567
13667,13668,1947,86,2033
13668,13669,518,4,522
13669,13670,568,15,583
13670,13671,1031,17,1048
13671,13672,52,0,52
13672,13673,121,1,122
13673,13674,256,0,256
13674,13675,427,4,431
13675,13676,178,4,182
13676,13677,5426,120,5546
13677,13678,68,1,69
13678,13679,179,7,186
13679,13680,416,13,429
13680,13681,2203,41,2244
13681,13682,237,2,239
13682,13683,5385,94,5479
13683,13684,950,4,954
13684,13685,308,3,311
13685,13686,81,3,84
13686,13687,114,1,115
13687,13688,318,4,322
13688,13689,775,16,791
13689,13690,607,15,622
13690,13691,248,2,250
13691,13692,829,9,838
13692,13693,4355,82,4437
13693,13694,1097,22,1119
13694,13695,242,6,248
13695,13696,163,1,164
13696,13697,486,9,495
13697,13698,121,0,121
13698,13699,68,0,68
13699,13700,526,14,540
13700,13701,335,8,343
13701,13702,935,23,958
13702,13703,856,13,869
13703,13704,150,3,153
13704,13705,982,15,997
13705,13706,8474,194,8668
13706,13707,1132,20,1152
13707,13708,197,3,200
13708,13709,1443,36,1479
13709,13710,689,9,698
13710,13711,632,13,645
13711,13712,1890,52,1942
13712,13713,1546,55,1601
13713,13714,403,13,416
13714,13715,524,11,535
13715,13716,549,6,555
13716,13717,630,16,646
13717,13718,261,8,269
13718,13719,912,28,940
13719,13720,155,6,161
13720,13721,788,14,802
13721,13722,616,17,633
13722,13723,1478,39,1517
13723,13724,1099,24,1123
13724,13725,627,12,639
13725,13726,3117,16,3133
13726,13727,95,4,99
13727,13728,126,3,129
13728,13729,122,1,123
13729,13730,62987,762,63749
13730,13731,242,7,249
13731,13732,372,13,385
13732,13733,4982,231,5213
13733,13734,987,30,1017
13734,13735,4473,56,4529
13735,13736,1480,20,1500
13736,13737,132,13,145
13737,13738,4192,112,4304
13738,13739,585,4,589
13739,13740,427,9,436
13740,13741,215,1,216
13741,13742,561,5,566
13742,13743,6977,99,7076
13743,13744,1327,26,1353
13744,13745,2510,127,2637
13745,13746,776,8,784
13746,13747,3189,73,3262
13747,13748,26168,378,26546
13748,13749,506,2,508
13749,13750,338,7,345
13750,13751,94,3,97
13751,13752,207,0,207
13752,13753,258,7,265
13753,13754,553,4,557
13754,13755,574,13,587
13755,13756,520,8,528
13756,13757,4334,138,4472
13757,13758,643,31,674
13758,13759,4117,99,4216
13759,13760,300,4,304
13760,13761,3218,68,3286
13761,13762,245,4,249
13762,13763,8167,207,8374
13763,13764,1471,37,1508
13764,13765,1079,26,1105
13765,13766,1279,29,1308
13766,13767,606,17,623
13767,13768,24,2,26
13768,13769,2904,65,2969
13769,13770,288,7,295
13770,13771,4322,63,4385
13771,13772,859,23,882
13772,13773,48,3,51
13773,13774,123,6,129
13774,13775,671,17,688
13775,13776,1687,22,1709
13776,13777,237,2,239
13777,13778,425,9,434
13778,13779,60,5,65
13779,13780,832,26,858
13780,13781,1622,47,1669
13781,13782,6602,140,6742
13782,13783,214,6,220
13783,13784,504,10,514
13784,13785,291,8,299
13785,13786,4734,95,4829
13786,13787,2981,55,3036
13787,13788,116,0,116
13788,13789,120,0,120
13789,13790,565,19,584
13790,13791,186,7,193
13791,13792,219,5,224
13792,13793,67,2,69
13793,13794,24087,259,24346
13794,13795,1075,26,1101
13795,13796,102,1,103
13796,13797,670,11,681
13797,13798,142,3,145
13798,13799,370,3,373
13799,13800,401,13,414
13800,13801,1124,20,1144
13801,13802,479,24,503
13802,13803,245,5,250
13803,13804,124,4,128
13804,13805,1603,13,1616
13805,13806,115,2,117
13806,13807,590,8,598
13807,13808,343,1,344
13808,13809,343,5,348
13809,13810,741,8,749
13810,13811,78,1,79
13811,13812,7293,88,7381
13812,13813,6386,79,6465
13813,13814,377,5,382
13814,13815,1181,18,1199
13815,13816,605,11,616
13816,13817,246,1,247
13817,13818,1092,24,1116
13818,13819,395,4,399
13819,13820,659,18,677
13820,13821,574,10,584
13821,13822,3148,44,3192
13822,13823,27,0,27
13823,13824,209,0,209
13824,13825,146,5,151
13825,13826,1257,23,1280
13826,13827,5585,71,5656
13827,13828,8010,65,8075
13828,13829,43,1,44
13829,13830,1220,32,1252
13830,13831,47,1,48
13831,13832,1555,35,1590
13832,13833,171,1,172
13833,13834,54,0,54
13834,13835,140,2,142
13835,13836,148,4,152
13836,13837,417,15,432
13837,13838,656,10,666
13838,13839,60,1,61
13839,13840,118,4,122
13840,13841,155,6,161
13841,13842,171,1,172
13842,13843,231,3,234
13843,13844,650,18,668
13844,13845,676,22,698
13845,13846,4848,58,4906
13846,13847,1489,30,1519
13847,13848,478,7,485
13848,13849,1609,126,1735
13849,13850,5881,112,5993
13850,13851,308,5,313
13851,13852,214,5,219
13852,13853,599,2,601
13853,13854,2122,76,2198
13854,13855,147,4,151
13855,13856,77,0,77
13856,13857,866,15,881
13857,13858,1303,28,1331
13858,13859,6271,105,6376
13859,13860,141,3,144
13860,13861,236,10,246
13861,13862,154,5,159
13862,13863,1259,26,1285
13863,13864,302,0,302
13864,13865,157,0,157
13865,13866,675,17,692
13866,13867,556,13,569
13867,13868,64,0,64
13868,13869,513,12,525
13869,13870,1244,22,1266
13870,13871,604,17,621
13871,13872,145,1,146
13872,13873,1414,25,1439
13873,13874,1937,46,1983
13874,13875,3783,80,3863
13875,13876,1955,25,1980
13876,13877,179,1,180
13877,13878,318,6,324
13878,13879,1284,15,1299
13879,13880,691,5,696
13880,13881,937,24,961
13881,13882,128,0,128
13882,13883,308,7,315
13883,13884,50,1,51
13884,13885,1143,27,1170
13885,13886,270,7,277
13886,13887,91,2,93
13887,13888,248,7,255
13888,13889,2938,37,2975
13889,13890,201,7,208
13890,13891,201,2,203
13891,13892,255,2,257
13892,13893,170,2,172
13893,13894,385,6,391
13894,13895,643,7,650
13895,13896,671,11,682
13896,13897,6887,115,7002
13897,13898,373,3,376
13898,13899,1221,34,1255
13899,13900,330,4,334
13900,13901,996,22,1018
13901,13902,202,6,208
13902,13903,124,1,125
13903,13904,291,9,300
13904,13905,65,0,65
13905,13906,753,22,775
13906,13907,159,3,162
13907,13908,138,5,143
13908,13909,1660,14,1674
13909,13910,115,3,118
13910,13911,2206,35,2241
13911,13912,142,0,142
13912,13913,1347,26,1373
13913,13914,85,3,88
13914,13915,98,1,99
13915,13916,442,6,448
13916,13917,2736,44,2780
13917,13918,152,4,156
13918,13919,145,6,151
13919,13920,194,2,196
13920,13921,2893,22,2915
13921,13922,489,6,495
13922,13923,186,2,188
13923,13924,213,8,221
13924,13925,866,8,874
13925,13926,319,10,329
13926,13927,496,12,508
13927,13928,154,3,157
13928,13929,6506,114,6620
13929,13930,710,9,719
13930,13931,290,6,296
13931,13932,1587,30,1617
13932,13933,363,15,378
13933,13934,4008,142,4150
13934,13935,399,8,407
13935,13936,1358,22,1380
13936,13937,295,15,310
13937,13938,394,17,411
13938,13939,298,1,299
13939,13940,152,4,156
13940,13941,157,4,161
13941,13942,5070,72,5142
13942,13943,512,12,524
13943,13944,58,2,60
13944,13945,418,5,423
13945,13946,169,2,171
13946,13947,196,5,201
13947,13948,1277,36,1313
13948,13949,81,2,83
13949,13950,95,3,98
13950,13951,512,15,527
13951,13952,360,10,370
13952,13953,169,4,173
13953,13954,131,0,131
13954,13955,238,3,241
13955,13956,241,6,247
13956,13957,2464,77,2541
13957,13958,212,6,218
13958,13959,255,13,268
13959,13960,310,8,318
13960,13961,136,1,137
13961,13962,1021,37,1058
13962,13963,305,7,312
13963,13964,50,0,50
13964,13965,932,27,959
13965,13966,61,0,61
13966,13967,358,12,370
13967,13968,260,1,261
13968,13969,793,13,806
13969,13970,192,0,192
13970,13971,870,14,884
13971,13972,1660,37,1697
13972,13973,85,3,88
13973,13974,1657,46,1703
13974,13975,165,3,168
13975,13976,746,26,772
13976,13977,148,1,149
13977,13978,580,6,586
13978,13979,1181,24,1205
13979,13980,240,4,244
13980,13981,272,8,280
13981,13982,192,3,195
13982,13983,279,4,283
13983,13984,732,29,761
13984,13985,323,5,328
13985,13986,227,10,237
13986,13987,175,3,178
13987,13988,193,6,199
13988,13989,423,7,430
13989,13990,179,8,187
13990,13991,168,5,173
13991,13992,115,3,118
13992,13993,193,4,197
13993,13994,1239,11,1250
13994,13995,725,12,737
13995,13996,283,10,293
13996,13997,281,6,287
13997,13998,247,2,249
13998,13999,109,7,116
13999,14000,522,13,535
14000,14001,2081,49,2130
14001,14002,4891,163,5054
14002,14003,712,17,729
14003,14004,674,8,682
14004,14005,710,20,730
14005,14006,1590,35,1625
14006,14007,656,18,674
14007,14008,314,7,321
14008,14009,346,3,349
14009,14010,194,6,200
14010,14011,267,9,276
14011,14012,222,4,226
14012,14013,220,7,227
14013,14014,1165,12,1177
14014,14015,408,11,419
14015,14016,449,8,457
14016,14017,94,1,95
14017,14018,118,2,120
14018,14019,1809,46,1855
14019,14020,1386,22,1408
14020,14021,171,5,176
14021,14022,49,3,52
14022,14023,92,3,95
14023,14024,134,1,135
14024,14025,121,1,122
14025,14026,77,3,80
14026,14027,323,14,337
14027,14028,75,4,79
14028,14029,105,2,107
14029,14030,311,2,313
14030,14031,591,15,606
14031,14032,148,4,152
14032,14033,96,1,97
14033,14034,465,8,473
14034,14035,458,18,476
14035,14036,221,3,224
14036,14037,1224,19,1243
14037,14038,822,12,834
14038,14039,1116,29,1145
14039,14040,2835,65,2900
14040,14041,363,9,372
14041,14042,554,6,560
14042,14043,198,6,204
14043,14044,193,3,196
14044,14045,111,4,115
14045,14046,529,7,536
14046,14047,168,5,173
14047,14048,971,21,992
14048,14049,327,13,340
14049,14050,32,1,33
14050,14051,186,5,191
14051,14052,126,0,126
14052,14053,3169,57,3226
14053,14054,232,5,237
14054,14055,77,3,80
14055,14056,1818,35,1853
14056,14057,368,5,373
14057,14058,225,3,228
14058,14059,209,4,213
14059,14060,220,10,230
14060,14061,552,15,567
14061,14062,1641,33,1674
14062,14063,498,5,503
14063,14064,323,6,329
14064,14065,7161,147,7308
14065,14066,531,18,549
14066,14067,2050,55,2105
14067,14068,21539,225,21764
14068,14069,1158,30,1188
14069,14070,1171,24,1195
14070,14071,7098,155,7253
14071,14072,468,12,480
14072,14073,139,3,142
14073,14074,540,9,549
14074,14075,242,4,246
14075,14076,562,9,571
14076,14077,1097,23,1120
14077,14078,2213,41,2254
14078,14079,327,5,332
14079,14080,557,7,564
14080,14081,1542,47,1589
14081,14082,245,2,247
14082,14083,157,8,165
14083,14084,1234,28,1262
14084,14085,699,15,714
14085,14086,604,13,617
14086,14087,199,1,200
14087,14088,180,6,186
14088,14089,74,0,74
14089,14090,28,1,29
14090,14091,378,6,384
14091,14092,232,11,243
14092,14093,258,17,275
14093,14094,66,0,66
14094,14095,2506,55,2561
14095,14096,517,12,529
14096,14097,296,4,300
14097,14098,699,21,720
14098,14099,451,11,462
14099,14100,428,8,436
14100,14101,1173,28,1201
14101,14102,673,13,686
14102,14103,4721,52,4773
14103,14104,194,2,196
14104,14105,2323,30,2353
14105,14106,194,2,196
14106,14107,3103,47,3150
14107,14108,5116,149,5265
14108,14109,441,17,458
14109,14110,186,4,190
14110,14111,529,16,545
14111,14112,319,10,329
14112,14113,776,12,788
14113,14114,406,10,416
14114,14115,369,1,370
14115,14116,55,2,57
14116,14117,621,19,640
14117,14118,2147,104,2251
14118,14119,687,14,701
14119,14120,445,6,451
14120,14121,991,37,1028
14121,14122,211,3,214
14122,14123,1313,42,1355
14123,14124,2116,21,2137
14124,14125,590,13,603
14125,14126,1087,49,1136
14126,14127,114,3,117
14127,14128,285,13,298
14128,14129,275,10,285
14129,14130,137,2,139
14130,14131,659,15,674
14131,14132,626,23,649
14132,14133,501,9,510
14133,14134,224,4,228
14134,14135,131,3,134
14135,14136,153,4,157
14136,14137,118,1,119
14137,14138,478,8,486
14138,14139,1785,46,1831
14139,14140,108,0,108
14140,14141,1118,13,1131
14141,14142,370,14,384
14142,14143,2770,37,2807
14143,14144,407,9,416
14144,14145,6364,39,6403
14145,14146,561,10,571
14146,14147,192,5,197
14147,14148,165,3,168
14148,14149,209,3,212
14149,14150,264,5,269
14150,14151,1877,65,1942
14151,14152,135,3,138
14152,14153,379,5,384
14153,14154,1049,21,1070
14154,14155,291,2,293
14155,14156,146,2,148
14156,14157,43,2,45
14157,14158,695,21,716
14158,14159,1167,18,1185
14159,14160,80,0,80
14160,14161,235,5,240
14161,14162,2500,17,2517
14162,14163,123,3,126
14163,14164,2037,41,2078
14164,14165,57,1,58
14165,14166,858,16,874
14166,14167,1350,13,1363
14167,14168,163,3,166
14168,14169,65,1,66
14169,14170,1323,12,1335
14170,14171,866,14,880
14171,14172,53,0,53
14172,14173,1510,15,1525
14173,14174,2349,44,2393
14174,14175,190,3,193
14175,14176,204,5,209
14176,14177,297,2,299
14177,14178,67,2,69
14178,14179,119,7,126
14179,14180,504,6,510
14180,14181,16688,470,17158
14181,14182,27400,435,27835
14182,14183,192,2,194
14183,14184,9909,266,10175
14184,14185,325,6,331
14185,14186,1062,14,1076
14186,14187,5007,84,5091
14187,14188,77,2,79
14188,14189,88,5,93
14189,14190,137,3,140
14190,14191,68,0,68
14191,14192,16354,297,16651
14192,14193,72,3,75
14193,14194,504,13,517
14194,14195,316,8,324
14195,14196,932,23,955
14196,14197,115,1,116
14197,14198,639,8,647
14198,14199,601,8,609
14199,14200,58,0,58
14200,14201,694,12,706
14201,14202,2609,35,2644
14202,14203,8784,231,9015
14203,14204,290,6,296
14204,14205,844,14,858
14205,14206,1052,28,1080
14206,14207,117,3,120
14207,14208,126,3,129
14208,14209,301,4,305
14209,14210,78,3,81
14210,14211,1166,23,1189
14211,14212,1377,21,1398
14212,14213,4667,61,4728
14213,14214,216,4,220
14214,14215,357,11,368
14215,14216,702,10,712
14216,14217,395,1,396
14217,14218,87,4,91
14218,14219,647,17,664
14219,14220,2028,52,2080
14220,14221,2145,53,2198
14221,14222,821,22,843
14222,14223,3405,53,3458
14223,14224,706,15,721
14224,14225,1055,66,1121
14225,14226,143,4,147
14226,14227,190,2,192
14227,14228,162,8,170
14228,14229,205,5,210
14229,14230,414,12,426
14230,14231,452,42,494
14231,14232,133,1,134
14232,14233,37,2,39
14233,14234,918,14,932
14234,14235,1558,63,1621
14235,14236,1043,22,1065
14236,14237,472,6,478
14237,14238,123,3,126
14238,14239,243,4,247
14239,14240,2392,42,2434
14240,14241,2392,51,2443
14241,14242,298,9,307
14242,14243,693,21,714
14243,14244,180,10,190
14244,14245,959,12,971
14245,14246,638,7,645
14246,14247,841,20,861
14247,14248,15918,614,16532
14248,14249,2363,50,2413
14249,14250,218,3,221
14250,14251,100,0,100
14251,14252,193,3,196
14252,14253,587,13,600
14253,14254,131,1,132
14254,14255,742,21,763
14255,14256,451,5,456
14256,14257,1449,36,1485
14257,14258,90,5,95
14258,14259,260,7,267
14259,14260,450,8,458
14260,14261,2195,37,2232
14261,14262,759,20,779
14262,14263,9151,320,9471
14263,14264,1156,22,1178
14264,14265,228,8,236
14265,14266,1013,35,1048
14266,14267,878,22,900
14267,14268,190,0,190
14268,14269,535,5,540
14269,14270,729,9,738
14270,14271,3482,107,3589
14271,14272,215,2,217
14272,14273,147,1,148
14273,14274,972,111,1083
14274,14275,74,1,75
14275,14276,232,8,240
14276,14277,1268,22,1290
14277,14278,769,20,789
14278,14279,400,10,410
14279,14280,131,2,133
14280,14281,146,2,148
14281,14282,273,2,275
14282,14283,817,20,837
14283,14284,1850,41,1891
14284,14285,1650,25,1675
14285,14286,884,13,897
14286,14287,1479,40,1519
14287,14288,929,30,959
14288,14289,1486,36,1522
14289,14290,1183,22,1205
14290,14291,459,3,462
14291,14292,85,4,89
14292,14293,3576,112,3688
14293,14294,1425,34,1459
14294,14295,3961,70,4031
14295,14296,345,6,351
14296,14297,147,2,149
14297,14298,23124,475,23599
14298,14299,57,1,58
14299,14300,61,2,63
14300,14301,433,4,437
14301,14302,309,3,312
14302,14303,153,2,155
14303,14304,226,6,232
14304,14305,6553,109,6662
14305,14306,292,6,298
14306,14307,106,3,109
14307,14308,216,3,219
14308,14309,194,3,197
14309,14310,445,8,453
14310,14311,66,0,66
14311,14312,1098,17,1115
14312,14313,128,1,129
14313,14314,1031,19,1050
14314,14315,557,6,563
14315,14316,3489,77,3566
14316,14317,4455,63,4518
14317,14318,920,11,931
14318,14319,357,10,367
14319,14320,82,0,82
14320,14321,2222,55,2277
14321,14322,154,2,156
14322,14323,1133,25,1158
14323,14324,2887,193,3080
14324,14325,2154,31,2185
14325,14326,861,14,875
14326,14327,1385,25,1410
14327,14328,824,19,843
14328,14329,1724,58,1782
14329,14330,606,2,608
14330,14331,378,6,384
14331,14332,7668,396,8064
14332,14333,958,39,997
14333,14334,1934,48,1982
14334,14335,1146,23,1169
14335,14336,7801,263,8064
14336,14337,196,5,201
14337,14338,8064,151,8215
14338,14339,164,6,170
14339,14340,526,28,554
14340,14341,271,6,277
14341,14342,270,8,278
14342,14343,1314,25,1339
14343,14344,59,0,59
14344,14345,957,18,975
14345,14346,620,18,638
14346,14347,199,9,208
14347,14348,122,2,124
14348,14349,210,5,215
14349,14350,2362,39,2401
14350,14351,404,7,411
14351,14352,601,12,613
14352,14353,601,9,610
14353,14354,145,1,146
14354,14355,493,8,501
14355,14356,437,5,442
14356,14357,156,2,158
14357,14358,106,3,109
14358,14359,5816,159,5975
14359,14360,507,6,513
14360,14361,305,9,314
14361,14362,366,9,375
14362,14363,154,2,156
14363,14364,5672,118,5790
14364,14365,20210,936,21146
14365,14366,1819,7,1826
14366,14367,283,5,288
14367,14368,234,7,241
14368,14369,351,7,358
14369,14370,290,4,294
14370,14371,23,0,23
14371,14372,1405,41,1446
14372,14373,981,24,1005
14373,14374,51,1,52
14374,14375,496,13,509
14375,14376,197,6,203
14376,14377,1161,13,1174
14377,14378,847,17,864
14378,14379,157,0,157
14379,14380,441,16,457
14380,14381,1460,37,1497
14381,14382,1351,23,1374
14382,14383,928,26,954
14383,14384,2676,119,2795
14384,14385,90,0,90
14385,14386,3099,43,3142
14386,14387,2155,42,2197
14387,14388,275,5,280
14388,14389,215,7,222
14389,14390,92,2,94
14390,14391,277,6,283
14391,14392,529,13,542
14392,14393,357,4,361
14393,14394,487,14,501
14394,14395,70,0,70
14395,14396,250,5,255
14396,14397,1716,33,1749
14397,14398,861,27,888
14398,14399,299,4,303
14399,14400,105,4,109
14400,14401,7285,139,7424
14401,14402,1241,10,1251
14402,14403,1923,54,1977
14403,14404,116,0,116
14404,14405,114,2,116
14405,14406,746,18,764
14406,14407,350,23,373
14407,14408,723,16,739
14408,14409,4195,96,4291
14409,14410,801,11,812
14410,14411,591,10,601
14411,14412,1780,29,1809
14412,14413,1144,23,1167
14413,14414,1970,65,2035
14414,14415,580,16,596
14415,14416,30,0,30
14416,14417,8941,120,9061
14417,14418,24304,666,24970
14418,14419,679,12,691
14419,14420,3144,73,3217
14420,14421,3830,79,3909
14421,14422,215,2,217
14422,14423,124,8,132
14423,14424,383,8,391
14424,14425,96,0,96
14425,14426,284,4,288
14426,14427,120,4,124
14427,14428,364,10,374
14428,14429,136,2,138
14429,14430,437,9,446
14430,14431,95,1,96
14431,14432,523,12,535
14432,14433,2886,69,2955
14433,14434,1221,18,1239
14434,14435,99,3,102
14435,14436,65,3,68
14436,14437,373,2,375
14437,14438,1344,32,1376
14438,14439,1871,40,1911
14439,14440,507,10,517
14440,14441,268,4,272
14441,14442,247,6,253
14442,14443,313,11,324
14443,14444,589,16,605
14444,14445,1729,38,1767
14445,14446,3471,29,3500
14446,14447,23,1,24
14447,14448,1220,22,1242
14448,14449,370,4,374
14449,14450,3543,51,3594
14450,14451,1862,30,1892
14451,14452,350,13,363
14452,14453,48,1,49
14453,14454,244,9,253
14454,14455,59,2,61
14455,14456,514,9,523
14456,14457,182,5,187
14457,14458,47,0,47
14458,14459,436,3,439
14459,14460,1115,16,1131
14460,14461,681,42,723
14461,14462,1617,45,1662
14462,14463,338,19,357
14463,14464,133,3,136
14464,14465,5483,102,5585
14465,14466,732,9,741
14466,14467,1587,50,1637
14467,14468,143,2,145
14468,14469,324,4,328
14469,14470,244,10,254
14470,14471,271,2,273
14471,14472,284,10,294
14472,14473,121,1,122
14473,14474,874,18,892
14474,14475,8319,243,8562
14475,14476,1057,43,1100
14476,14477,138,1,139
14477,14478,243,3,246
14478,14479,20,0,20
14479,14480,606,13,619
14480,14481,786,11,797
14481,14482,1260,22,1282
14482,14483,60,2,62
14483,14484,231,5,236
14484,14485,278,7,285
14485,14486,1105,27,1132
14486,14487,368,3,371
14487,14488,1625,31,1656
14488,14489,1638,24,1662
14489,14490,2405,53,2458
14490,14491,151,7,158
14491,14492,2140,41,2181
14492,14493,829,16,845
14493,14494,355,3,358
14494,14495,249,9,258
14495,14496,2046,32,2078
14496,14497,195,2,197
14497,14498,693,8,701
14498,14499,208,7,215
14499,14500,2140,31,2171
14500,14501,60,0,60
14501,14502,182,5,187
14502,14503,95,1,96
14503,14504,183,0,183
14504,14505,1506,46,1552
14505,14506,615,23,638
14506,14507,101,2,103
14507,14508,95,3,98
14508,14509,45,2,47
14509,14510,165,0,165
14510,14511,134,5,139
14511,14512,223,6,229
14512,14513,1067,21,1088
14513,14514,39,0,39
14514,14515,1185,23,1208
14515,14516,2844,21,2865
14516,14517,148,1,149
14517,14518,273,5,278
14518,14519,2500,40,2540
14519,14520,233,3,236
14520,14521,160,5,165
14521,14522,1106,11,1117
14522,14523,788,30,818
14523,14524,222,7,229
14524,14525,311,25,336
14525,14526,286,7,293
14526,14527,245,5,250
14527,14528,87,1,88
14528,14529,550,9,559
14529,14530,329,10,339
14530,14531,36,1,37
14531,14532,2234,58,2292
14532,14533,245,9,254
14533,14534,337,6,343
14534,14535,190,9,199
14535,14536,88,1,89
14536,14537,1543,42,1585
14537,14538,278,3,281
14538,14539,1750,40,1790
14539,14540,339,7,346
14540,14541,208,4,212
14541,14542,59,0,59
14542,14543,1382,24,1406
14543,14544,144,0,144
14544,14545,306,9,315
14545,14546,97,0,97
14546,14547,190,3,193
14547,14548,372,11,383
14548,14549,111,5,116
14549,14550,157,3,160
14550,14551,119,2,121
14551,14552,1008,26,1034
14552,14553,1217,16,1233
14553,14554,203,4,207
14554,14555,1458,27,1485
14555,14556,317,5,322
14556,14557,223,12,235
14557,14558,77,1,78
14558,14559,3158,46,3204
14559,14560,439,4,443
14560,14561,1038,12,1050
14561,14562,95,0,95
14562,14563,372,13,385
14563,14564,291,9,300
14564,14565,3523,146,3669
14565,14566,162,3,165
14566,14567,132,0,132
14567,14568,424,15,439
14568,14569,163,2,165
14569,14570,17453,227,17680
14570,14571,276,3,279
14571,14572,522,17,539
14572,14573,321,5,326
14573,14574,99,3,102
14574,14575,569,6,575
14575,14576,364,4,368
14576,14577,194,1,195
14577,14578,345,7,352
14578,14579,6331,118,6449
14579,14580,687,15,702
14580,14581,280,15,295
14581,14582,196,2,198
14582,14583,290,1,291
14583,14584,1336,32,1368
14584,14585,9050,112,9162
14585,14586,195,3,198
14586,14587,383,5,388
14587,14588,686,9,695
14588,14589,100,1,101
14589,14590,267,4,271
14590,14591,402,9,411
14591,14592,180,8,188
14592,14593,1019,27,1046
14593,14594,604,16,620
14594,14595,253,3,256
14595,14596,1022,15,1037
14596,14597,735,12,747
14597,14598,1770,29,1799
14598,14599,248,6,254
14599,14600,638,20,658
14600,14601,93,0,93
14601,14602,3879,69,3948
14602,14603,543,7,550
14603,14604,205,2,207
14604,14605,371,3,374
14605,14606,1009,18,1027
14606,14607,283,6,289
14607,14608,1492,38,1530
14608,14609,950,14,964
14609,14610,2331,27,2358
14610,14611,67,3,70
14611,14612,267,1,268
14612,14613,1731,51,1782
14613,14614,917,15,932
14614,14615,1621,23,1644
14615,14616,1167,27,1194
14616,14617,1454,17,1471
14617,14618,1654,55,1709
14618,14619,763,6,769
14619,14620,201,6,207
14620,14621,195,1,196
14621,14622,49733,2637,52370
14622,14623,240,10,250
14623,14624,1133,22,1155
14624,14625,278,4,282
14625,14626,213,5,218
14626,14627,116,2,118
14627,14628,288,4,292
14628,14629,94,4,98
14629,14630,983,36,1019
14630,14631,410,4,414
14631,14632,244,4,248
14632,14633,36,1,37
14633,14634,63,3,66
14634,14635,99,0,99
14635,14636,54,0,54
14636,14637,626,11,637
14637,14638,94,1,95
14638,14639,151,3,154
14639,14640,759,13,772
14640,14641,95,3,98
14641,14642,629,18,647
14642,14643,142,2,144
14643,14644,571,16,587
14644,14645,181,3,184
14645,14646,242,5,247
14646,14647,328,8,336
14647,14648,2352,108,2460
14648,14649,201,5,206
14649,14650,2263,59,2322
14650,14651,369,11,380
14651,14652,179,8,187
14652,14653,148,3,151
14653,14654,831,12,843
14654,14655,149,2,151
14655,14656,459,8,467
14656,14657,772,26,798
14657,14658,247,7,254
14658,14659,239,1,240
14659,14660,1154,33,1187
14660,14661,71,0,71
14661,14662,10879,426,11305
14662,14663,217,13,230
14663,14664,635,2,637
14664,14665,230,2,232
14665,14666,131,2,133
14666,14667,517,14,531
14667,14668,6031,165,6196
14668,14669,614,8,622
14669,14670,582,12,594
14670,14671,206,6,212
14671,14672,4979,83,5062
14672,14673,107,1,108
14673,14674,251,11,262
14674,14675,462,11,473
14675,14676,586,7,593
14676,14677,575,10,585
14677,14678,3255,83,3338
14678,14679,69,0,69
14679,14680,35,1,36
14680,14681,160,4,164
14681,14682,1175,51,1226
14682,14683,1232,17,1249
14683,14684,104,1,105
14684,14685,115,8,123
14685,14686,107,0,107
14686,14687,165,4,169
14687,14688,117,0,117
14688,14689,385,5,390
14689,14690,44,0,44
14690,14691,223,7,230
14691,14692,2226,46,2272
14692,14693,59,1,60
14693,14694,71,0,71
14694,14695,640,17,657
14695,14696,72,0,72
14696,14697,105,0,105
14697,14698,343,15,358
14698,14699,1619,18,1637
14699,14700,170,3,173
14700,14701,149,2,151
14701,14702,311,2,313
14702,14703,131,4,135
14703,14704,1185,19,1204
14704,14705,153,4,157
14705,14706,272,4,276
14706,14707,832,17,849
14707,14708,3328,54,3382
14708,14709,162,1,163
14709,14710,14366,191,14557
14710,14711,749,20,769
14711,14712,118,4,122
14712,14713,2400,48,2448
14713,14714,343,5,348
14714,14715,243,7,250
14715,14716,213,3,216
14716,14717,3686,56,3742
14717,14718,311,9,320
14718,14719,212,3,215
14719,14720,151,1,152
14720,14721,676,16,692
14721,14722,312,3,315
14722,14723,342,13,355
14723,14724,432,13,445
14724,14725,139,3,142
14725,14726,366,10,376
14726,14727,1221,27,1248
14727,14728,251,3,254
14728,14729,4517,72,4589
14729,14730,2921,63,2984
14730,14731,228,8,236
14731,14732,5771,40,5811
14732,14733,987,18,1005
14733,14734,5605,81,5686
14734,14735,639,50,689
14735,14736,1558,55,1613
14736,14737,137,3,140
14737,14738,355,9,364
14738,14739,9845,175,10020
14739,14740,396,3,399
14740,14741,219,5,224
14741,14742,212,5,217
14742,14743,1239,18,1257
14743,14744,142,1,143
14744,14745,455,6,461
14745,14746,92,6,98
14746,14747,821,18,839
14747,14748,3907,71,3978
14748,14749,317,8,325
14749,14750,325,4,329
14750,14751,615,7,622
14751,14752,301,11,312
14752,14753,6250,222,6472
14753,14754,57498,166,57664
14754,14755,659,7,666
14755,14756,160,1,161
14756,14757,215,2,217
14757,14758,2272,30,2302
14758,14759,353,8,361
14759,14760,343,3,346
14760,14761,741,30,771
14761,14762,593,15,608
14762,14763,1362,24,1386
14763,14764,1305,13,1318
14764,14765,253,4,257
14765,14766,175,1,176
14766,14767,212,4,216
14767,14768,249,6,255
14768,14769,280,7,287
14769,14770,239,6,245
14770,14771,166,1,167
14771,14772,795,7,802
14772,14773,798,10,808
14773,14774,504,11,515
14774,14775,560,9,569
14775,14776,250,3,253
14776,14777,5278,55,5333
14777,14778,3227,43,3270
14778,14779,227,4,231
14779,14780,567,6,573
14780,14781,314,9,323
14781,14782,431,9,440
14782,14783,219,2,221
14783,14784,3286,103,3389
14784,14785,15905,43,15948
14785,14786,4966,99,5065
14786,14787,1736,36,1772
14787,14788,41,1,42
14788,14789,23890,277,24167
14789,14790,47,1,48
14790,14791,1584,24,1608
14791,14792,126,2,128
14792,14793,1544,27,1571
14793,14794,319,12,331
14794,14795,548,10,558
14795,14796,1012,23,1035
14796,14797,408,7,415
14797,14798,1039,86,1125
14798,14799,609,13,622
14799,14800,1414,7,1421
14800,14801,249,3,252
14801,14802,242,6,248
14802,14803,960,28,988
14803,14804,166,4,170
14804,14805,2588,42,2630
14805,14806,188,4,192
14806,14807,222,6,228
14807,14808,1927,60,1987
14808,14809,307,3,310
14809,14810,957,11,968
14810,14811,733,8,741
14811,14812,254,8,262
14812,14813,500,5,505
14813,14814,124,5,129
14814,14815,109,5,114
14815,14816,462,12,474
14816,14817,2418,28,2446
14817,14818,73,2,75
14818,14819,417,12,429
14819,14820,41887,359,42246
14820,14821,4279,59,4338
14821,14822,3461,47,3508
14822,14823,79,3,82
14823,14824,275,11,286
14824,14825,1659,10,1669
14825,14826,63,1,64
14826,14827,3873,42,3915
14827,14828,718,18,736
14828,14829,7030,141,7171
14829,14830,185,6,191
14830,14831,270,5,275
14831,14832,482,4,486
14832,14833,135,2,137
14833,14834,458,14,472
14834,14835,268,6,274
14835,14836,3974,106,4080
14836,14837,5510,59,5569
14837,14838,134,6,140
14838,14839,622,24,646
14839,14840,41,0,41
14840,14841,687,107,794
14841,14842,88,4,92
14842,14843,310,4,314
14843,14844,211,6,217
14844,14845,54,3,57
14845,14846,11948,80,12028
14846,14847,2431,40,2471
14847,14848,1857,22,1879
14848,14849,33,0,33
14849,14850,1211,14,1225
14850,14851,156,0,156
14851,14852,325,7,332
14852,14853,356,12,368
14853,14854,86,3,89
14854,14855,105,2,107
14855,14856,268,2,270
14856,14857,778,15,793
14857,14858,677,14,691
14858,14859,56,0,56
14859,14860,31233,638,31871
14860,14861,2877,156,3033
14861,14862,2528,43,2571
14862,14863,160,1,161
14863,14864,202,9,211
14864,14865,4270,79,4349
14865,14866,668,44,712
14866,14867,943,12,955
14867,14868,4339,67,4406
14868,14869,155,0,155
14869,14870,782,2,784
14870,14871,165,1,166
14871,14872,63,0,63
14872,14873,436,6,442
14873,14874,388,6,394
14874,14875,289,5,294
14875,14876,55,2,57
14876,14877,76,0,76
14877,14878,28,2,30
14878,14879,170,2,172
14879,14880,508,19,527
14880,14881,524,10,534
14881,14882,658,6,664
14882,14883,691,50,741
14883,14884,194,11,205
14884,14885,2750,76,2826
14885,14886,6723,157,6880
14886,14887,385,10,395
14887,14888,6880,179,7059
14888,14889,4078,118,4196
14889,14890,947,28,975
14890,14891,4844,45,4889
14891,14892,870,10,880
14892,14893,533,15,548
14893,14894,672,10,682
14894,14895,1269,26,1295
14895,14896,520,11,531
14896,14897,21269,298,21567
14897,14898,178,4,182
14898,14899,4118,56,4174
14899,14900,708,17,725
14900,14901,56,0,56
14901,14902,1989,33,2022
14902,14903,597,6,603
14903,14904,60,2,62
14904,14905,257,11,268
14905,14906,9310,133,9443
14906,14907,472,5,477
14907,14908,1012,17,1029
14908,14909,5511,74,5585
14909,14910,1065,25,1090
14910,14911,186,5,191
14911,14912,1586,64,1650
14912,14913,703,13,716
14913,14914,1466,19,1485
14914,14915,111,1,112
14915,14916,1877,35,1912
14916,14917,87,2,89
14917,14918,599,9,608
14918,14919,322,20,342
14919,14920,117,2,119
14920,14921,1744,41,1785
14921,14922,399,12,411
14922,14923,28,1,29
14923,14924,2089,28,2117
14924,14925,338,7,345
14925,14926,166,2,168
14926,14927,634,8,642
14927,14928,523,14,537
14928,14929,227,4,231
14929,14930,176,1,177
14930,14931,4854,136,4990
14931,14932,710,6,716
14932,14933,1017,14,1031
14933,14934,195,6,201
14934,14935,510,4,514
14935,14936,1488,53,1541
14936,14937,3215,78,3293
14937,14938,1046,14,1060
14938,14939,771,11,782
14939,14940,71,2,73
14940,14941,1904,30,1934
14941,14942,15980,210,16190
14942,14943,167,5,172
14943,14944,410,5,415
14944,14945,247,7,254
14945,14946,76,3,79
14946,14947,933,24,957
14947,14948,218,3,221
14948,14949,246,6,252
14949,14950,101,3,104
14950,14951,54,0,54
14951,14952,410,2,412
14952,14953,207,4,211
14953,14954,43,0,43
14954,14955,1412,40,1452
14955,14956,177,5,182
14956,14957,214,2,216
14957,14958,1270,18,1288
14958,14959,679,13,692
14959,14960,512,15,527
14960,14961,342,3,345
14961,14962,2134,58,2192
14962,14963,118,0,118
14963,14964,1097,23,1120
14964,14965,489,5,494
14965,14966,160,1,161
14966,14967,26489,344,26833
14967,14968,192,4,196
14968,14969,2096,48,2144
14969,14970,1220,43,1263
14970,14971,601,11,612
14971,14972,3079,57,3136
14972,14973,1926,26,1952
14973,14974,162,3,165
14974,14975,875,19,894
14975,14976,25963,250,26213
14976,14977,906,51,957
14977,14978,1070,13,1083
14978,14979,169,3,172
14979,14980,8419,73,8492
14980,14981,395,7,402
14981,14982,383,11,394
14982,14983,440,8,448
14983,14984,2100,32,2132
14984,14985,999,17,1016
14985,14986,143,1,144
14986,14987,963,11,974
14987,14988,947,16,963
14988,14989,529,13,542
14989,14990,1821,41,1862
14990,14991,11539,189,11728
14991,14992,393,7,400
14992,14993,188,2,190
14993,14994,257,3,260
14994,14995,881,24,905
14995,14996,387,9,396
14996,14997,644,17,661
14997,14998,168290,1830,170120
14998,14999,206,1,207
14999,15000,906,32,938
15000,15001,505,13,518
15001,15002,3629,48,3677
15002,15003,720,18,738
15003,15004,1161,51,1212
15004,15005,4107,29,4136
15005,15006,235,2,237
15006,15007,209,123,332
15007,15008,247,1,248
15008,15009,852,13,865
15009,15010,77,1,78
15010,15011,725,16,741
15011,15012,24971,114,25085
15012,15013,255,5,260
15013,15014,40095,590,40685
15014,15015,221,7,228
15015,15016,3083,296,3379
15016,15017,993,31,1024
15017,15018,60,1,61
15018,15019,1688,38,1726
15019,15020,85,2,87
15020,15021,179,3,182
15021,15022,5985,60,6045
15022,15023,158,1,159
15023,15024,681,9,690
15024,15025,238,6,244
15025,15026,341,4,345
15026,15027,5023,76,5099
15027,15028,339,8,347
15028,15029,810,10,820
15029,15030,283,6,289
15030,15031,600,15,615
15031,15032,643,15,658
15032,15033,8397,135,8532
15033,15034,6768,76,6844
15034,15035,527,3,530
15035,15036,222,9,231
15036,15037,1441,13,1454
15037,15038,11094,112,11206
15038,15039,4126,71,4197
15039,15040,234,1,235
15040,15041,298,10,308
15041,15042,223,10,233
15042,15043,83,4,87
15043,15044,1054,19,1073
15044,15045,639,15,654
15045,15046,8073,166,8239
15046,15047,493,11,504
15047,15048,728,14,742
15048,15049,1329,7,1336
15049,15050,143847,2856,146703
15050,15051,109,2,111
15051,15052,3117,49,3166
15052,15053,8751,145,8896
15053,15054,741,5,746
15054,15055,118,2,120
15055,15056,1483,34,1517
15056,15057,99,1,100
15057,15058,1145,9,1154
15058,15059,156,7,163
15059,15060,265,6,271
15060,15061,3820,90,3910
15061,15062,273,2,275
15062,15063,1384,86,1470
15063,15064,445,14,459
15064,15065,107,0,107
15065,15066,155,3,158
15066,15067,48,0,48
15067,15068,294,2,296
15068,15069,167,1,168
15069,15070,429,7,436
15070,15071,6396,115,6511
15071,15072,772,19,791
15072,15073,947,27,974
15073,15074,161,5,166
15074,15075,220,7,227
15075,15076,164,7,171
15076,15077,1068,5,1073
15077,15078,286,7,293
15078,15079,195,7,202
15079,15080,898,9,907
15080,15081,77,1,78
15081,15082,17,3,20
15082,15083,7886,341,8227
15083,15084,257,9,266
15084,15085,170,4,174
15085,15086,177,3,180
15086,15087,226,8,234
15087,15088,134,4,138
15088,15089,607,6,613
15089,15090,236,12,248
15090,15091,97,3,100
15091,15092,272,3,275
15092,15093,190,3,193
15093,15094,499,21,520
15094,15095,793,16,809
15095,15096,6777,117,6894
15096,15097,239,18,257
15097,15098,220,6,226
15098,15099,568,15,583
15099,15100,329,6,335
15100,15101,787,33,820
15101,15102,235,1,236
15102,15103,294,3,297
15103,15104,112,2,114
15104,15105,83,2,85
15105,15106,733,18,751
15106,15107,2207,30,2237
15107,15108,6285,151,6436
15108,15109,619,4,623
15109,15110,160,7,167
15110,15111,270,7,277
15111,15112,1055,36,1091
15112,15113,248,8,256
15113,15114,2327,62,2389
15114,15115,1483,35,1518
15115,15116,621,8,629
15116,15117,3016,39,3055
15117,15118,1768,31,1799
15118,15119,2284,77,2361
15119,15120,228,5,233
15120,15121,250,6,256
15121,15122,51,0,51
15122,15123,15,0,15
15123,15124,643,27,670
15124,15125,29,0,29
15125,15126,1062,125,1187
15126,15127,286,12,298
15127,15128,200,47,247
15128,15129,302,5,307
15129,15130,469,4,473
15130,15131,1188,22,1210
15131,15132,1060,23,1083
15132,15133,4795,53,4848
15133,15134,1816,26,1842
15134,15135,22149,274,22423
15135,15136,115,1,116
15136,15137,670,17,687
15137,15138,264,3,267
15138,15139,123,2,125
15139,15140,304,7,311
15140,15141,9288,249,9537
15141,15142,20917,142,21059
15142,15143,46,2,48
15143,15144,1026,22,1048
15144,15145,169,3,172
15145,15146,73,0,73
15146,15147,112,1,113
15147,15148,76,0,76
15148,15149,86,0,86
15149,15150,22,1,23
15150,15151,539,10,549
15151,15152,621,10,631
15152,15153,3305,43,3348
15153,15154,670,11,681
15154,15155,530,12,542
15155,15156,4241,221,4462
15156,15157,407,12,419
15157,15158,71,2,73
15158,15159,509,5,514
15159,15160,2557,28,2585
15160,15161,217,2,219
15161,15162,230,2,232
15162,15163,276,5,281
15163,15164,2544,54,2598
15164,15165,6023,64,6087
15165,15166,3257,51,3308
15166,15167,921,26,947
15167,15168,745,15,760
15168,15169,549,11,560
15169,15170,128,2,130
15170,15171,262,3,265
15171,15172,9400,170,9570
15172,15173,291,8,299
15173,15174,15716,330,16046
15174,15175,5200,208,5408
15175,15176,533,4,537
15176,15177,6597,113,6710
15177,15178,33588,303,33891
15178,15179,1244,13,1257
15179,15180,2056,34,2090
15180,15181,201,2,203
15181,15182,1524,32,1556
15182,15183,549,3,552
15183,15184,1380,29,1409
15184,15185,468,13,481
15185,15186,292,7,299
15186,15187,178,4,182
15187,15188,883,20,903
15188,15189,338,7,345
15189,15190,22000,275,22275
15190,15191,465,8,473
15191,15192,6890,141,7031
15192,15193,910,18,928
15193,15194,75,1,76
15194,15195,173,4,177
15195,15196,268,5,273
15196,15197,639,11,650
15197,15198,1325,19,1344
15198,15199,60,0,60
15199,15200,83,1,84
15200,15201,442,7,449
15201,15202,3048,52,3100
15202,15203,88,3,91
15203,15204,161,1,162
15204,15205,584,8,592
15205,15206,137,2,139
15206,15207,70,3,73
15207,15208,776,4,780
15208,15209,212,0,212
15209,15210,528,3,531
15210,15211,3833,55,3888
15211,15212,8514,75,8589
15212,15213,1351,31,1382
15213,15214,160,0,160
15214,15215,614,5,619
15215,15216,74,0,74
15216,15217,2552,60,2612
15217,15218,911,19,930
15218,15219,402,13,415
15219,15220,239,8,247
15220,15221,128,1,129
15221,15222,99,4,103
15222,15223,279,4,283
15223,15224,4140,58,4198
15224,15225,30061,154,30215
15225,15226,336,5,341
15226,15227,19829,78,19907
15227,15228,260,2,262
15228,15229,63,2,65
15229,15230,292,1,293
15230,15231,112,3,115
15231,15232,5820,174,5994
15232,15233,8596,220,8816
15233,15234,186,1,187
15234,15235,735,15,750
15235,15236,159,7,166
15236,15237,215,6,221
15237,15238,148,3,151
15238,15239,937,10,947
15239,15240,3570,142,3712
15240,15241,10716,76,10792
15241,15242,17041,136,17177
15242,15243,3294,46,3340
15243,15244,32977,258,33235
15244,15245,5481,56,5537
15245,15246,9071,114,9185
15246,15247,2082,46,2128
15247,15248,1008,30,1038
15248,15249,4015,93,4108
15249,15250,622,8,630
15250,15251,2879,39,2918
15251,15252,777,21,798
15252,15253,132,2,134
15253,15254,968,39,1007
15254,15255,134,1,135
15255,15256,17,0,17
15256,15257,334,9,343
15257,15258,10277,149,10426
15258,15259,17351,72,17423
15259,15260,867,23,890
15260,15261,1203,23,1226
15261,15262,30,1,31
15262,15263,251,5,256
15263,15264,113,1,114
15264,15265,88,5,93
15265,15266,113,3,116
15266,15267,1186,21,1207
15267,15268,5882,90,5972
15268,15269,19215,881,20096
15269,15270,368,6,374
15270,15271,6516,59,6575
15271,15272,1859,38,1897
15272,15273,215,8,223
15273,15274,265,2,267
15274,15275,780,9,789
15275,15276,222,8,230
15276,15277,4870,120,4990
15277,15278,347,5,352
15278,15279,556,7,563
15279,15280,333,3,336
15280,15281,14569,198,14767
15281,15282,11717,234,11951
15282,15283,203,6,209
15283,15284,536,21,557
15284,15285,276,5,281
15285,15286,3962,59,4021
15286,15287,8932,293,9225
15287,15288,54,0,54
15288,15289,465,10,475
15289,15290,101,0,101
15290,15291,21913,183,22096
15291,15292,212,5,217
15292,15293,1233,26,1259
15293,15294,202,4,206
15294,15295,4072,122,4194
15295,15296,628,19,647
15296,15297,59,1,60
15297,15298,5145,48,5193
15298,15299,250,6,256
15299,15300,133,7,140
15300,15301,2408,52,2460
15301,15302,579,11,590
15302,15303,117,1,118
15303,15304,127,3,130
15304,15305,434,8,442
15305,15306,1133,30,1163
15306,15307,167,1,168
15307,15308,104,1,105
15308,15309,326,11,337
15309,15310,144,4,148
15310,15311,1109,27,1136
15311,15312,232,3,235
15312,15313,1917,29,1946
15313,15314,252,4,256
15314,15315,7752,115,7867
15315,15316,175,2,177
15316,15317,127,0,127
15317,15318,171,2,173
15318,15319,2104,44,2148
15319,15320,1012,204,1216
15320,15321,1884,40,1924
15321,15322,262,7,269
15322,15323,740,13,753
15323,15324,10141,145,10286
15324,15325,2000,56,2056
15325,15326,79824,1009,80833
15326,15327,406,5,411
15327,15328,112,5,117
15328,15329,36,1,37
15329,15330,93,0,93
15330,15331,8500,179,8679
15331,15332,8832,211,9043
15332,15333,1674,27,1701
15333,15334,633,7,640
15334,15335,2028,17,2045
15335,15336,1048,19,1067
15336,15337,123,1,124
15337,15338,391,3,394
15338,15339,245,12,257
15339,15340,1725,33,1758
15340,15341,192,3,195
15341,15342,452,34,486
15342,15343,579,8,587
15343,15344,230,1,231
15344,15345,4567,21,4588
15345,15346,3376,56,3432
15346,15347,2271,56,2327
15347,15348,1555,43,1598
15348,15349,8940,177,9117
15349,15350,2552,47,2599
15350,15351,1987,31,2018
15351,15352,105,2,107
15352,15353,378,8,386
15353,15354,158,1,159
15354,15355,141,1,142
15355,15356,3700,52,3752
15356,15357,182,3,185
15357,15358,3066,53,3119
15358,15359,687,7,694
15359,15360,260,5,265
15360,15361,344,8,352
15361,15362,451,4,455
15362,15363,446,5,451
15363,15364,510,19,529
15364,15365,4227,274,4501
15365,15366,1210,8,1218
15366,15367,802,11,813
15367,15368,3176,101,3277
15368,15369,4876,46,4922
15369,15370,181,1,182
15370,15371,258,6,264
15371,15372,433,3,436
15372,15373,362,6,368
15373,15374,951,150,1101
15374,15375,162,7,169
15375,15376,576,13,589
15376,15377,101,3,104
15377,15378,1177,9,1186
15378,15379,167,4,171
15379,15380,785,10,795
15380,15381,345,1,346
15381,15382,648,14,662
15382,15383,4582,98,4680
15383,15384,1597,51,1648
15384,15385,257,5,262
15385,15386,410,3,413
15386,15387,242,24,266
15387,15388,5350,109,5459
15388,15389,557,7,564
15389,15390,701,11,712
15390,15391,898,56,954
15391,15392,267,4,271
15392,15393,1486,32,1518
15393,15394,1971,71,2042
15394,15395,98,2,100
15395,15396,3864,99,3963
15396,15397,400,11,411
15397,15398,67,1,68
15398,15399,850,18,868
15399,15400,73,2,75
15400,15401,868,26,894
15401,15402,326,10,336
15402,15403,8619,96,8715
15403,15404,173,7,180
15404,15405,729,14,743
15405,15406,3681,82,3763
15406,15407,64,2,66
15407,15408,403,11,414
15408,15409,505,13,518
15409,15410,229,6,235
15410,15411,1326,11,1337
15411,15412,1436,24,1460
15412,15413,220,2,222
15413,15414,71,0,71
15414,15415,105,1,106
15415,15416,1918,52,1970
15416,15417,813,64,877
15417,15418,302,4,306
15418,15419,292,10,302
15419,15420,175,2,177
15420,15421,4933,64,4997
15421,15422,129,3,132
15422,15423,454,10,464
15423,15424,121,3,124
15424,15425,510,19,529
15425,15426,119,3,122
15426,15427,113,3,116
15427,15428,831,14,845
15428,15429,776,20,796
15429,15430,127,3,130
15430,15431,1285,30,1315
15431,15432,1565,57,1622
15432,15433,825,21,846
15433,15434,676,30,706
15434,15435,2236,40,2276
15435,15436,484,6,490
15436,15437,1006,24,1030
15437,15438,275,9,284
15438,15439,279,5,284
15439,15440,88,0,88
15440,15441,89,1,90
15441,15442,69,0,69
15442,15443,1054,7,1061
15443,15444,15943,553,16496
15444,15445,190,3,193
15445,15446,202,3,205
15446,15447,415,9,424
15447,15448,176,4,180
15448,15449,243,3,246
15449,15450,342,17,359
15450,15451,233,4,237
15451,15452,1838,31,1869
15452,15453,2847,55,2902
15453,15454,199,3,202
15454,15455,216,5,221
15455,15456,462,9,471
15456,15457,350,7,357
15457,15458,3672,355,4027
15458,15459,170,4,174
15459,15460,683,21,704
15460,15461,1029,29,1058
15461,15462,331,6,337
15462,15463,651,27,678
15463,15464,9378,80,9458
15464,15465,234,6,240
15465,15466,216,2,218
15466,15467,188,5,193
15467,15468,340,5,345
15468,15469,4207,97,4304
15469,15470,7248,50,7298
15470,15471,4565,112,4677
15471,15472,861,9,870
15472,15473,644,13,657
15473,15474,366,11,377
15474,15475,596,13,609
15475,15476,465,3,468
15476,15477,909,29,938
15477,15478,146,3,149
15478,15479,283,3,286
15479,15480,471,12,483
15480,15481,379,3,382
15481,15482,1548,42,1590
15482,15483,1432,38,1470
15483,15484,768,16,784
15484,15485,1208,24,1232
15485,15486,30,0,30
15486,15487,241,1,242
15487,15488,65,1,66
15488,15489,889,14,903
15489,15490,8677,435,9112
15490,15491,1325,26,1351
15491,15492,116,0,116
15492,15493,797,24,821
15493,15494,389,7,396
15494,15495,137,5,142
15495,15496,527,4,531
15496,15497,240,5,245
15497,15498,420,10,430
15498,15499,3,0,3
15499,15500,242,5,247
15500,15501,2457,31,2488
15501,15502,376,5,381
15502,15503,633,14,647
15503,15504,206,3,209
15504,15505,413,10,423
15505,15506,100,3,103
15506,15507,784,20,804
15507,15508,595,8,603
15508,15509,31461,187,31648
15509,15510,891,29,920
15510,15511,154,4,158
15511,15512,1777,40,1817
15512,15513,187,1,188
15513,15514,106,0,106
15514,15515,127,1,128
15515,15516,6480,155,6635
15516,15517,232,7,239
15517,15518,235,7,242
15518,15519,102,0,102
15519,15520,1156,21,1177
15520,15521,303,4,307
15521,15522,16,0,16
15522,15523,478,5,483
15523,15524,325,8,333
15524,15525,451,16,467
15525,15526,223,4,227
15526,15527,58,0,58
15527,15528,6389,106,6495
15528,15529,53514,513,54027
15529,15530,5271,108,5379
15530,15531,523,8,531
15531,15532,1044,29,1073
15532,15533,2784,74,2858
15533,15534,1155,20,1175
15534,15535,605,11,616
15535,15536,1889,28,1917
15536,15537,343,7,350
15537,15538,166,5,171
15538,15539,1860,43,1903
15539,15540,1213,37,1250
15540,15541,1694,29,1723
15541,15542,8070,140,8210
15542,15543,8476,205,8681
15543,15544,122,2,124
15544,15545,3494,53,3547
15545,15546,7066,174,7240
15546,15547,611,15,626
15547,15548,210,3,213
15548,15549,218,10,228
15549,15550,1110,21,1131
15550,15551,617,15,632
15551,15552,763,16,779
15552,15553,2027,28,2055
15553,15554,114,0,114
15554,15555,59,0,59
15555,15556,131,6,137
15556,15557,286,7,293
15557,15558,79,0,79
15558,15559,275,11,286
15559,15560,1261,26,1287
15560,15561,2515,46,2561
15561,15562,778,22,800
15562,15563,7804,159,7963
15563,15564,11440,210,11650
15564,15565,367,7,374
15565,15566,886,12,898
15566,15567,279,6,285
15567,15568,351,15,366
15568,15569,564,8,572
15569,15570,820,37,857
15570,15571,676,21,697
15571,15572,342,7,349
15572,15573,3494,117,3611
15573,15574,426,25,451
15574,15575,282,6,288
15575,15576,1148,35,1183
15576,15577,468,13,481
15577,15578,2601,58,2659
15578,15579,144,10,154
15579,15580,891,20,911
15580,15581,531,9,540
15581,15582,505,6,511
15582,15583,346,11,357
15583,15584,308,9,317
15584,15585,2816,44,2860
15585,15586,540,8,548
15586,15587,271,11,282
15587,15588,471,8,479
15588,15589,1305,29,1334
15589,15590,77,1,78
15590,15591,369,9,378
15591,15592,349,1,350
15592,15593,629,11,640
15593,15594,302,2,304
15594,15595,65,1,66
15595,15596,877,9,886
15596,15597,91,1,92
15597,15598,107,0,107
15598,15599,1036,15,1051
15599,15600,563,10,573
15600,15601,486,3,489
15601,15602,117,0,117
15602,15603,222,3,225
15603,15604,525,8,533
15604,15605,104,3,107
15605,15606,473,9,482
15606,15607,145,3,148
15607,15608,1448,27,1475
15608,15609,17487,235,17722
15609,15610,675,6,681
15610,15611,234,3,237
15611,15612,301,5,306
15612,15613,750,27,777
15613,15614,1118,47,1165
15614,15615,318,5,323
15615,15616,185,2,187
15616,15617,572,18,590
15617,15618,225,3,228
15618,15619,194,5,199
15619,15620,93,4,97
15620,15621,2024,75,2099
15621,15622,73,0,73
15622,15623,1371,8,1379
15623,15624,1929,36,1965
15624,15625,114,2,116
15625,15626,255,3,258
15626,15627,811,22,833
15627,15628,2914,57,2971
15628,15629,186,7,193
15629,15630,256,3,259
15630,15631,103,0,103
15631,15632,6668,136,6804
15632,15633,139,3,142
15633,15634,246,10,256
15634,15635,240,8,248
15635,15636,324,14,338
15636,15637,1097,16,1113
15637,15638,316,17,333
15638,15639,96,3,99
15639,15640,135,2,137
15640,15641,3202,151,3353
15641,15642,549,112,661
15642,15643,1833,69,1902
15643,15644,439,10,449
15644,15645,951,35,986
15645,15646,1405,31,1436
15646,15647,4567,111,4678
15647,15648,194,7,201
15648,15649,1215,27,1242
15649,15650,1772,85,1857
15650,15651,9,0,9
15651,15652,110,1,111
15652,15653,61,0,61
15653,15654,398,6,404
15654,15655,275,5,280
15655,15656,1783,27,1810
15656,15657,246,2,248
15657,15658,79,1,80
15658,15659,664,20,684
15659,15660,1177,23,1200
15660,15661,298,5,303
15661,15662,788,28,816
15662,15663,55,2,57
15663,15664,231,1,232
15664,15665,772,20,792
15665,15666,508,7,515
15666,15667,1446,24,1470
15667,15668,499,6,505
15668,15669,867,21,888
15669,15670,8759,185,8944
15670,15671,1349,36,1385
15671,15672,712,15,727
15672,15673,170,8,178
15673,15674,344,2,346
15674,15675,16250,485,16735
15675,15676,95,4,99
15676,15677,557,16,573
15677,15678,674,8,682
15678,15679,3007,80,3087
15679,15680,913,11,924
15680,15681,463,6,469
15681,15682,273,12,285
15682,15683,71,0,71
15683,15684,55,0,55
15684,15685,66,0,66
15685,15686,715,13,728
15686,15687,243,9,252
15687,15688,95,1,96
15688,15689,274,6,280
15689,15690,2403,42,2445
15690,15691,152,4,156
15691,15692,23447,128,23575
15692,15693,142,2,144
15693,15694,1012,153,1165
15694,15695,218,80,298
15695,15696,166,3,169
15696,15697,1629,65,1694
15697,15698,125,7,132
15698,15699,3522,72,3594
15699,15700,370,2,372
15700,15701,555,10,565
15701,15702,2044,34,2078
15702,15703,1486,40,1526
15703,15704,141,4,145
15704,15705,808,19,827
15705,15706,187,2,189
15706,15707,2149,21,2170
15707,15708,3984,55,4039
15708,15709,299,5,304
15709,15710,148,4,152
15710,15711,2005,41,2046
15711,15712,2110,32,2142
15712,15713,631,8,639
15713,15714,885,23,908
15714,15715,238,6,244
15715,15716,876,21,897
15716,15717,865,22,887
15717,15718,711,15,726
15718,15719,1874,49,1923
15719,15720,845,8,853
15720,15721,198,3,201
15721,15722,350,3,353
15722,15723,1920,43,1963
15723,15724,1726,34,1760
15724,15725,4595,67,4662
15725,15726,1567,47,1614
15726,15727,354,12,366
15727,15728,160,4,164
15728,15729,128,1,129
15729,15730,533,58,591
15730,15731,1765,21,1786
15731,15732,44,0,44
15732,15733,33203,159,33362
15733,15734,3751,45,3796
15734,15735,716,15,731
15735,15736,96,3,99
15736,15737,645,15,660
15737,15738,719,7,726
15738,15739,210,3,213
15739,15740,3280,33,3313
15740,15741,1006,19,1025
15741,15742,127,3,130
15742,15743,1606,21,1627
15743,15744,856,10,866
15744,15745,543,13,556
15745,15746,413,11,424
15746,15747,23898,97,23995
15747,15748,312,8,320
15748,15749,1622,21,1643
15749,15750,21623,287,21910
15750,15751,61,0,61
15751,15752,495,7,502
15752,15753,3220,88,3308
15753,15754,240,2,242
15754,15755,660,3,663
15755,15756,467,17,484
15756,15757,171,6,177
15757,15758,73,2,75
15758,15759,214,5,219
15759,15760,161,3,164
15760,15761,89,1,90
15761,15762,283,10,293
15762,15763,259,6,265
15763,15764,132,4,136
15764,15765,12819,541,13360
15765,15766,2319,49,2368
15766,15767,594,10,604
15767,15768,272,5,277
15768,15769,344,7,351
15769,15770,1544,32,1576
15770,15771,388,8,396
15771,15772,23,0,23
15772,15773,831,17,848
15773,15774,1028,16,1044
15774,15775,54,0,54
15775,15776,116,8,124
15776,15777,1212,23,1235
15777,15778,147,4,151
15778,15779,168,4,172
15779,15780,1981,37,2018
15780,15781,267,3,270
15781,15782,29,0,29
15782,15783,85,4,89
15783,15784,3648,82,3730
15784,15785,771,14,785
15785,15786,45030,1433,46463
15786,15787,101,1,102
15787,15788,165,5,170
15788,15789,556,7,563
15789,15790,139,1,140
15790,15791,333,9,342
15791,15792,2600,26,2626
15792,15793,226,4,230
15793,15794,614,11,625
15794,15795,1177,20,1197
15795,15796,409,8,417
15796,15797,8765,132,8897
15797,15798,327,3,330
15798,15799,573,23,596
15799,15800,125,5,130
15800,15801,495,4,499
15801,15802,102,1,103
15802,15803,379,11,390
15803,15804,30,0,30
15804,15805,2494,29,2523
15805,15806,550,10,560
15806,15807,377,9,386
15807,15808,1032,18,1050
15808,15809,1769,43,1812
15809,15810,7015,91,7106
15810,15811,765,15,780
15811,15812,123,3,126
15812,15813,1097,24,1121
15813,15814,769,14,783
15814,15815,7242,123,7365
15815,15816,25024,150,25174
15816,15817,577,15,592
15817,15818,119,5,124
15818,15819,1038,18,1056
15819,15820,2655,58,2713
15820,15821,195,9,204
15821,15822,1383,22,1405
15822,15823,1040,24,1064
15823,15824,146,3,149
15824,15825,542,14,556
15825,15826,3914,61,3975
15826,15827,1071,37,1108
15827,15828,202,3,205
15828,15829,1442,46,1488
15829,15830,298,9,307
15830,15831,106,3,109
15831,15832,1239,17,1256
15832,15833,736,22,758
15833,15834,599,5,604
15834,15835,59,2,61
15835,15836,521,7,528
15836,15837,2142,101,2243
15837,15838,63,1,64
15838,15839,972,32,1004
15839,15840,399,10,409
15840,15841,212,7,219
15841,15842,194,2,196
15842,15843,173,7,180
15843,15844,9665,419,10084
15844,15845,273,7,280
15845,15846,269,9,278
15846,15847,781,17,798
15847,15848,447,11,458
15848,15849,718,9,727
15849,15850,763,8,771
15850,15851,56,1,57
15851,15852,207,4,211
15852,15853,94,1,95
15853,15854,79,0,79
15854,15855,731,13,744
15855,15856,218,8,226
15856,15857,168,1,169
15857,15858,73,1,74
15858,15859,493,23,516
15859,15860,220,6,226
15860,15861,4574,91,4665
15861,15862,168,3,171
15862,15863,435,7,442
15863,15864,829,11,840
15864,15865,106,1,107
15865,15866,431,12,443
15866,15867,179,2,181
15867,15868,303,7,310
15868,15869,480,10,490
15869,15870,7322,229,7551
15870,15871,5808,99,5907
15871,15872,233,1,234
15872,15873,1033,25,1058
15873,15874,409,3,412
15874,15875,150,3,153
15875,15876,3299,54,3353
15876,15877,2828,23,2851
15877,15878,134,7,141
15878,15879,219,2,221
15879,15880,91,1,92
15880,15881,204,9,213
15881,15882,189,6,195
15882,15883,83,0,83
15883,15884,318,8,326
15884,15885,139,4,143
15885,15886,805,10,815
15886,15887,9012,85,9097
15887,15888,523,11,534
15888,15889,539,12,551
15889,15890,160,0,160
15890,15891,653,12,665
15891,15892,2236,55,2291
15892,15893,204,4,208
15893,15894,142,8,150
15894,15895,736,28,764
15895,15896,96,0,96
15896,15897,109,0,109
15897,15898,825,81,906
15898,15899,437,11,448
15899,15900,453,13,466
15900,15901,571,8,579
15901,15902,288,7,295
15902,15903,463,14,477
15903,15904,249,5,254
15904,15905,4728,73,4801
15905,15906,127,1,128
15906,15907,207,3,210
15907,15908,191,0,191
15908,15909,293,6,299
15909,15910,865,15,880
15910,15911,237,6,243
15911,15912,4612,58,4670
15912,15913,78,2,80
15913,15914,1477,24,1501
15914,15915,162,7,169
15915,15916,299,3,302
15916,15917,382,4,386
15917,15918,826,17,843
15918,15919,422,8,430
15919,15920,256,7,263
15920,15921,498,9,507
15921,15922,77,0,77
15922,15923,104,0,104
15923,15924,829,12,841
15924,15925,4378,43,4421
15925,15926,310,8,318
15926,15927,172,3,175
15927,15928,382,14,396
15928,15929,242,1,243
15929,15930,66082,571,66653
15930,15931,285,11,296
15931,15932,4761,46,4807
15932,15933,540,10,550
15933,15934,337,17,354
15934,15935,220,2,222
15935,15936,1379,42,1421
15936,15937,669,13,682
15937,15938,2236,243,2479
15938,15939,219,6,225
15939,15940,248,4,252
15940,15941,2923,37,2960
15941,15942,88,1,89
15942,15943,2430,23,2453
15943,15944,3816,65,3881
15944,15945,102,1,103
15945,15946,99,6,105
15946,15947,927,23,950
15947,15948,1212,27,1239
15948,15949,1341,29,1370
15949,15950,509,15,524
15950,15951,345,9,354
15951,15952,902,6,908
15952,15953,142,1,143
15953,15954,871,14,885
15954,15955,204,1,205
15955,15956,158,6,164
15956,15957,35,3,38
15957,15958,502,8,510
15958,15959,225,4,229
15959,15960,1982,27,2009
15960,15961,3050,21,3071
15961,15962,94,8,102
15962,15963,6256,73,6329
15963,15964,121,0,121
15964,15965,227,3,230
15965,15966,78,0,78
15966,15967,883,24,907
15967,15968,904,13,917
15968,15969,137,3,140
15969,15970,500,16,516
15970,15971,139,2,141
15971,15972,894,21,915
15972,15973,138,1,139
15973,15974,296,4,300
15974,15975,196,3,199
15975,15976,81,3,84
15976,15977,198,0,198
15977,15978,7010,65,7075
15978,15979,295,2,297
15979,15980,591,20,611
15980,15981,616,10,626
15981,15982,736,15,751
15982,15983,195,7,202
15983,15984,148,7,155
15984,15985,138,1,139
15985,15986,8321,40,8361
15986,15987,177,6,183
15987,15988,24257,544,24801
15988,15989,102,1,103
15989,15990,84,1,85
15990,15991,135,1,136
15991,15992,550,7,557
15992,15993,87,1,88
15993,15994,156,3,159
15994,15995,44,0,44
15995,15996,396,3,399
15996,15997,201,7,208
15997,15998,1625,20,1645
15998,15999,74,2,76
15999,16000,85,1,86
16000,16001,183,4,187
16001,16002,303,9,312
16002,16003,152,5,157
16003,16004,120,4,124
16004,16005,56,0,56
16005,16006,295,6,301
16006,16007,127,3,130
16007,16008,372,4,376
16008,16009,491,8,499
16009,16010,211,8,219
16010,16011,122,1,123
16011,16012,221,1,222
16012,16013,74,2,76
16013,16014,543,5,548
16014,16015,1281,119,1400
16015,16016,537,16,553
16016,16017,206,6,212
16017,16018,330,5,335
16018,16019,1426,15,1441
16019,16020,47,3,50
16020,16021,77,1,78
16021,16022,352,5,357
16022,16023,185,9,194
16023,16024,333,13,346
16024,16025,1385,40,1425
16025,16026,1487,15,1502
16026,16027,777,15,792
16027,16028,399,12,411
16028,16029,156,2,158
16029,16030,705,8,713
16030,16031,280,4,284
16031,16032,2124,61,2185
16032,16033,315,8,323
16033,16034,7949,137,8086
16034,16035,215,4,219
16035,16036,222,4,226
16036,16037,644,38,682
16037,16038,310,3,313
16038,16039,449,7,456
16039,16040,48,0,48
16040,16041,439,8,447
16041,16042,811,15,826
16042,16043,3218,85,3303
16043,16044,164,10,174
16044,16045,141,1,142
16045,16046,335,9,344
16046,16047,301,8,309
16047,16048,209,1,210
16048,16049,354,6,360
16049,16050,718,17,735
16050,16051,552,17,569
16051,16052,1296,23,1319
16052,16053,113,2,115
16053,16054,54,2,56
16054,16055,846,21,867
16055,16056,180,11,191
16056,16057,124,1,125
16057,16058,190,5,195
16058,16059,145,3,148
16059,16060,247,3,250
16060,16061,521,17,538
16061,16062,4018,135,4153
16062,16063,363,7,370
16063,16064,1916,30,1946
16064,16065,1228,27,1255
16065,16066,1230,27,1257
16066,16067,574,15,589
16067,16068,190,6,196
16068,16069,29,0,29
16069,16070,5302,106,5408
16070,16071,307,7,314
16071,16072,491,9,500
16072,16073,1058,21,1079
16073,16074,307,10,317
16074,16075,2130,33,2163
16075,16076,150,6,156
16076,16077,3374,59,3433
16077,16078,458,5,463
16078,16079,422,5,427
16079,16080,131,1,132
16080,16081,234475,1925,236400
16081,16082,8797,145,8942
16082,16083,367,11,378
16083,16084,9810,88,9898
16084,16085,79,2,81
16085,16086,819,16,835
16086,16087,385,11,396
16087,16088,239,4,243
16088,16089,4871,98,4969
16089,16090,17136,105,17241
16090,16091,125,3,128
16091,16092,27833,112,27945
16092,16093,734,8,742
16093,16094,1278,22,1300
16094,16095,664,8,672
16095,16096,1312,22,1334
16096,16097,1937,32,1969
16097,16098,334,7,341
16098,16099,140,2,142
16099,16100,298,5,303
16100,16101,443,10,453
16101,16102,130876,2260,133136
16102,16103,561,6,567
16103,16104,738,17,755
16104,16105,154,35,189
16105,16106,144,5,149
16106,16107,3648,102,3750
16107,16108,749,13,762
16108,16109,550,7,557
16109,16110,773,18,791
16110,16111,6492,121,6613
16111,16112,134,2,136
16112,16113,10012,509,10521
16113,16114,380,6,386
16114,16115,189,5,194
16115,16116,1496,53,1549
16116,16117,233,8,241
16117,16118,211,5,216
16118,16119,1030,16,1046
16119,16120,2092,47,2139
16120,16121,6842,51,6893
16121,16122,224,3,227
16122,16123,221,1,222
16123,16124,389,7,396
16124,16125,209,7,216
16125,16126,53,1,54
16126,16127,1393,43,1436
16127,16128,122,1,123
16128,16129,86,1,87
16129,16130,196,6,202
16130,16131,19439,150,19589
16131,16132,1019,19,1038
16132,16133,1104,8,1112
16133,16134,465,13,478
16134,16135,214,3,217
16135,16136,573,11,584
16136,16137,323,9,332
16137,16138,333,10,343
16138,16139,8275,97,8372
16139,16140,584,19,603
16140,16141,105,6,111
16141,16142,114,0,114
16142,16143,472,3,475
16143,16144,187,7,194
16144,16145,1502,39,1541
16145,16146,189,7,196
16146,16147,165,1,166
16147,16148,138,7,145
16148,16149,388,6,394
16149,16150,168,4,172
16150,16151,139,1,140
16151,16152,398,6,404
16152,16153,2536,40,2576
16153,16154,256,1,257
16154,16155,323,7,330
16155,16156,253,5,258
16156,16157,291,4,295
16157,16158,60,1,61
16158,16159,556,5,561
16159,16160,2664,30,2694
16160,16161,927,20,947
16161,16162,99,3,102
16162,16163,71,0,71
16163,16164,131,5,136
16164,16165,86,1,87
16165,16166,605,8,613
16166,16167,20038,654,20692
16167,16168,836,11,847
16168,16169,31,1,32
16169,16170,4676,84,4760
16170,16171,221,8,229
16171,16172,437,5,442
16172,16173,262,11,273
16173,16174,329,9,338
16174,16175,289,5,294
16175,16176,917,33,950
16176,16177,698,21,719
16177,16178,229,6,235
16178,16179,113,2,115
16179,16180,7333,63,7396
16180,16181,127,2,129
16181,16182,111,1,112
16182,16183,3134,75,3209
16183,16184,288,1,289
16184,16185,2788,39,2827
16185,16186,176,3,179
16186,16187,1657,39,1696
16187,16188,288,3,291
16188,16189,297,3,300
16189,16190,363,5,368
16190,16191,6220,110,6330
16191,16192,5863,73,5936
16192,16193,1285,22,1307
16193,16194,699,13,712
16194,16195,230,5,235
16195,16196,172,1,173
16196,16197,70,0,70
16197,16198,1284,8,1292
16198,16199,159,1,160
16199,16200,383,9,392
16200,16201,1127,32,1159
16201,16202,381,16,397
16202,16203,9202,152,9354
16203,16204,698,6,704
16204,16205,45692,216,45908
16205,16206,1091,14,1105
16206,16207,2181,34,2215
16207,16208,736,23,759
16208,16209,1718,41,1759
16209,16210,390,1,391
16210,16211,591,6,597
16211,16212,877,19,896
16212,16213,673,15,688
16213,16214,472,12,484
16214,16215,529,7,536
16215,16216,391,8,399
16216,16217,85,3,88
16217,16218,97,1,98
16218,16219,186,1,187
16219,16220,736,15,751
16220,16221,251,1,252
16221,16222,117,1,118
16222,16223,3533,21,3554
16223,16224,1684,32,1716
16224,16225,380,10,390
16225,16226,123,0,123
16226,16227,215,7,222
16227,16228,153,1,154
16228,16229,30112,363,30475
16229,16230,297,7,304
16230,16231,317,2,319
16231,16232,171,3,174
16232,16233,2074,42,2116
16233,16234,648,7,655
16234,16235,207,6,213
16235,16236,406,6,412
16236,16237,67,3,70
16237,16238,410,15,425
16238,16239,6199,536,6735
16239,16240,349,6,355
16240,16241,395,6,401
16241,16242,474,10,484
16242,16243,903,20,923
16243,16244,931,30,961
16244,16245,1708,39,1747
16245,16246,5092,131,5223
16246,16247,1552,45,1597
16247,16248,4505,238,4743
16248,16249,4039,112,4151
16249,16250,474,14,488
16250,16251,3464,63,3527
16251,16252,2396,58,2454
16252,16253,333,8,341
16253,16254,1885,40,1925
16254,16255,326,7,333
16255,16256,1513,43,1556
16256,16257,795,31,826
16257,16258,795,26,821
16258,16259,4013,107,4120
16259,16260,1158,23,1181
16260,16261,167,2,169
16261,16262,291,7,298
16262,16263,223,2,225
16263,16264,7477,237,7714
16264,16265,714,13,727
16265,16266,400,4,404
16266,16267,855,26,881
16267,16268,14353,65,14418
16268,16269,155,3,158
16269,16270,79,0,79
16270,16271,2133,53,2186
16271,16272,264,6,270
16272,16273,578,7,585
16273,16274,813,13,826
16274,16275,203,1,204
16275,16276,515,6,521
16276,16277,252,4,256
16277,16278,648,15,663
16278,16279,196,8,204
16279,16280,2163,174,2337
16280,16281,15902,575,16477
16281,16282,395,9,404
16282,16283,2618,32,2650
16283,16284,7480,127,7607
16284,16285,2745,63,2808
16285,16286,876,21,897
16286,16287,283,3,286
16287,16288,126,4,130
16288,16289,295,9,304
16289,16290,167,1,168
16290,16291,202,0,202
16291,16292,1633,29,1662
16292,16293,120,3,123
16293,16294,5366,52,5418
16294,16295,271,3,274
16295,16296,324,4,328
16296,16297,180,2,182
16297,16298,1104,24,1128
16298,16299,1348,18,1366
16299,16300,734,17,751
16300,16301,583,19,602
16301,16302,193,2,195
16302,16303,215,5,220
16303,16304,1139,14,1153
16304,16305,2156,36,2192
16305,16306,206,1,207
16306,16307,299,10,309
16307,16308,1911,24,1935
16308,16309,92,3,95
16309,16310,334,1,335
16310,16311,658,9,667
16311,16312,31,0,31
16312,16313,460,13,473
16313,16314,178,6,184
16314,16315,164,3,167
16315,16316,2230,48,2278
16316,16317,254,6,260
16317,16318,1264,14,1278
16318,16319,618,8,626
16319,16320,3160,34,3194
16320,16321,612,10,622
16321,16322,79,2,81
16322,16323,62,0,62
16323,16324,78,1,79
16324,16325,390,14,404
16325,16326,682,5,687
16326,16327,121,8,129
16327,16328,1143,32,1175
16328,16329,60,3,63
16329,16330,722,18,740
16330,16331,1137,16,1153
16331,16332,224,7,231
16332,16333,79,3,82
16333,16334,584,12,596
16334,16335,1237,27,1264
16335,16336,53,0,53
16336,16337,165,3,168
16337,16338,161,4,165
16338,16339,977,8,985
16339,16340,595,16,611
16340,16341,124,7,131
16341,16342,45,0,45
16342,16343,670,14,684
16343,16344,180,3,183
16344,16345,1129,35,1164
16345,16346,3955,64,4019
16346,16347,3651,84,3735
16347,16348,2405,26,2431
16348,16349,147,3,150
16349,16350,609,16,625
16350,16351,1487,18,1505
16351,16352,21269,143,21412
16352,16353,2365,28,2393
16353,16354,49,0,49
16354,16355,1502,24,1526
16355,16356,2985,50,3035
16356,16357,2331,11,2342
16357,16358,249,9,258
16358,16359,6375,53,6428
16359,16360,93,2,95
16360,16361,1587,29,1616
16361,16362,630,5,635
16362,16363,186,6,192
16363,16364,126,1,127
16364,16365,5765,45,5810
16365,16366,561,11,572
16366,16367,2604,59,2663
16367,16368,2004,36,2040
16368,16369,10563,519,11082
16369,16370,6306,171,6477
16370,16371,334,2,336
16371,16372,592,9,601
16372,16373,550,6,556
16373,16374,273,9,282
16374,16375,144,2,146
16375,16376,128,1,129
16376,16377,992,25,1017
16377,16378,75,1,76
16378,16379,5218,62,5280
16379,16380,6831,121,6952
16380,16381,8545,127,8672
16381,16382,364,5,369
16382,16383,504,12,516
16383,16384,14774,272,15046
16384,16385,491,10,501
16385,16386,72,2,74
16386,16387,1341,50,1391
16387,16388,1118,39,1157
16388,16389,228,7,235
16389,16390,181,1,182
16390,16391,627,8,635
16391,16392,1129,37,1166
16392,16393,13707,250,13957
16393,16394,17189,810,17999
16394,16395,269,4,273
16395,16396,209,3,212
16396,16397,1190,23,1213
16397,16398,6085,76,6161
16398,16399,22866,241,23107
16399,16400,6879,62,6941
16400,16401,437,18,455
16401,16402,3910,86,3996
16402,16403,103,3,106
16403,16404,874,141,1015
16404,16405,348,4,352
16405,16406,138,0,138
16406,16407,564,15,579
16407,16408,171,4,175
16408,16409,579,13,592
16409,16410,70,0,70
16410,16411,246,2,248
16411,16412,209,6,215
16412,16413,52,1,53
16413,16414,4716,31,4747
16414,16415,2620,36,2656
16415,16416,200,4,204
16416,16417,89,1,90
16417,16418,348,6,354
16418,16419,1568,18,1586
16419,16420,9054,292,9346
16420,16421,57246,1486,58732
16421,16422,349,6,355
16422,16423,505,4,509
16423,16424,302,6,308
16424,16425,2520,55,2575
16425,16426,6616,94,6710
16426,16427,393,16,409
16427,16428,118,2,120
16428,16429,1311,14,1325
16429,16430,665,10,675
16430,16431,1273,29,1302
16431,16432,23181,317,23498
16432,16433,572,9,581
16433,16434,82,8,90
16434,16435,1491,35,1526
16435,16436,1147,26,1173
16436,16437,1189,20,1209
16437,16438,2973,62,3035
16438,16439,657,17,674
16439,16440,1748,76,1824
16440,16441,218,8,226
16441,16442,982,12,994
16442,16443,626,15,641
16443,16444,1596,36,1632
16444,16445,276,3,279
16445,16446,147,1,148
16446,16447,68,0,68
16447,16448,460,4,464
16448,16449,535,9,544
16449,16450,717,12,729
16450,16451,490,18,508
16451,16452,3077,117,3194
16452,16453,677,14,691
16453,16454,2329,45,2374
16454,16455,424,2,426
16455,16456,47,2,49
16456,16457,26,0,26
16457,16458,261,3,264
16458,16459,281,5,286
16459,16460,451,10,461
16460,16461,75,6,81
16461,16462,146,10,156
16462,16463,1384,19,1403
16463,16464,503,18,521
16464,16465,158,3,161
16465,16466,400,6,406
16466,16467,355,13,368
16467,16468,512,20,532
16468,16469,423,3,426
16469,16470,101,3,104
16470,16471,186,5,191
16471,16472,730,9,739
16472,16473,950,19,969
16473,16474,441,16,457
16474,16475,242,4,246
16475,16476,297,6,303
16476,16477,50,3,53
16477,16478,931,18,949
16478,16479,197,6,203
16479,16480,322,4,326
16480,16481,6712,351,7063
16481,16482,9605,384,9989
16482,16483,310,7,317
16483,16484,113,3,116
16484,16485,151,1,152
16485,16486,1040,28,1068
16486,16487,403,10,413
16487,16488,736,22,758
16488,16489,316,1,317
16489,16490,6433,225,6658
16490,16491,858,18,876
16491,16492,239,1,240
16492,16493,687,25,712
16493,16494,986,40,1026
16494,16495,188,3,191
16495,16496,453,10,463
16496,16497,751,9,760
16497,16498,171,4,175
16498,16499,90,1,91
16499,16500,904,23,927
16500,16501,834,12,846
16501,16502,412,6,418
16502,16503,239,5,244
16503,16504,261,1,262
16504,16505,510,8,518
16505,16506,2191,39,2230
16506,16507,1460,25,1485
16507,16508,72,4,76
16508,16509,159,6,165
16509,16510,113,1,114
16510,16511,3952,18,3970
16511,16512,92,0,92
16512,16513,13132,317,13449
16513,16514,136,9,145
16514,16515,299,4,303
16515,16516,746,11,757
16516,16517,391,10,401
16517,16518,630,13,643
16518,16519,880,16,896
16519,16520,326,3,329
16520,16521,1040,22,1062
16521,16522,328,9,337
16522,16523,261,6,267
16523,16524,203,7,210
16524,16525,159,3,162
16525,16526,231,7,238
16526,16527,180,6,186
16527,16528,166,1,167
16528,16529,2492,61,2553
16529,16530,61,2,63
16530,16531,63,0,63
16531,16532,247,5,252
16532,16533,153,3,156
16533,16534,61,2,63
16534,16535,94,4,98
16535,16536,7236,165,7401
16536,16537,696,13,709
16537,16538,0,0,0
16538,16539,294,5,299
16539,16540,4375,96,4471
16540,16541,530,14,544
16541,16542,747,6,753
16542,16543,1042,28,1070
16543,16544,124,1,125
16544,16545,18518,403,18921
16545,16546,931,19,950
16546,16547,880,11,891
16547,16548,1150,31,1181
16548,16549,1912,36,1948
16549,16550,3340,59,3399
16550,16551,869,12,881
16551,16552,253,6,259
16552,16553,203,1,204
16553,16554,180,2,182
16554,16555,94,0,94
16555,16556,88,1,89
16556,16557,201,3,204
16557,16558,11037,83,11120
16558,16559,6371,39,6410
16559,16560,223,5,228
16560,16561,991,17,1008
16561,16562,102,1,103
16562,16563,165,2,167
16563,16564,250,6,256
16564,16565,1320,41,1361
16565,16566,188,3,191
16566,16567,2068,41,2109
16567,16568,1257,41,1298
16568,16569,1621,42,1663
16569,16570,299,6,305
16570,16571,3225,31,3256
16571,16572,2729,45,2774
16572,16573,134,4,138
16573,16574,132,7,139
16574,16575,1291,13,1304
16575,16576,113,2,115
16576,16577,1536,39,1575
16577,16578,86,1,87
16578,16579,2236,43,2279
16579,16580,222,10,232
16580,16581,81,1,82
16581,16582,239,2,241
16582,16583,140,3,143
16583,16584,53,0,53
16584,16585,111,1,112
16585,16586,75,0,75
16586,16587,193,1,194
16587,16588,110,0,110
16588,16589,538,1,539
16589,16590,6005,166,6171
16590,16591,246,7,253
16591,16592,3213,52,3265
16592,16593,1138,10,1148
16593,16594,63,0,63
16594,16595,581,13,594
16595,16596,6007,51,6058
16596,16597,1231,26,1257
16597,16598,33,0,33
16598,16599,1916,53,1969
16599,16600,315,3,318
16600,16601,183,4,187
16601,16602,978,19,997
16602,16603,58,3,61
16603,16604,251,1,252
16604,16605,250,3,253
16605,16606,536,12,548
16606,16607,521,4,525
16607,16608,662,16,678
16608,16609,1540,14,1554
16609,16610,526,4,530
16610,16611,132,3,135
16611,16612,1607,65,1672
16612,16613,244,3,247
16613,16614,919,20,939
16614,16615,572,34,606
16615,16616,196,1,197
16616,16617,203,6,209
16617,16618,289,16,305
16618,16619,200,5,205
16619,16620,120,2,122
16620,16621,15403,215,15618
16621,16622,102,1,103
16622,16623,1294,12,1306
16623,16624,674,7,681
16624,16625,516,5,521
16625,16626,94,4,98
16626,16627,5131,45,5176
16627,16628,6142,89,6231
16628,16629,760,23,783
16629,16630,127,5,132
16630,16631,135,3,138
16631,16632,496,6,502
16632,16633,347,10,357
16633,16634,130,6,136
16634,16635,304,7,311
16635,16636,386,11,397
16636,16637,859,84,943
16637,16638,34,0,34
16638,16639,137,1,138
16639,16640,350,10,360
16640,16641,82,1,83
16641,16642,1346,24,1370
16642,16643,974,21,995
16643,16644,2504,52,2556
16644,16645,146,3,149
16645,16646,389,10,399
16646,16647,6689,320,7009
16647,16648,236,7,243
16648,16649,1823,29,1852
16649,16650,802,28,830
16650,16651,690,13,703
16651,16652,2166,73,2239
16652,16653,3601,74,3675
16653,16654,140,8,148
16654,16655,1126,26,1152
16655,16656,1526,17,1543
16656,16657,1260,38,1298
16657,16658,441,14,455
16658,16659,593,25,618
16659,16660,661,13,674
16660,16661,1253,35,1288
16661,16662,276,4,280
16662,16663,96,4,100
16663,16664,26385,242,26627
16664,16665,4367,45,4412
16665,16666,2169,36,2205
16666,16667,1585,15,1600
16667,16668,17867,324,18191
16668,16669,428,9,437
16669,16670,299,6,305
16670,16671,307,11,318
16671,16672,385,6,391
16672,16673,573,4,577
16673,16674,142,3,145
16674,16675,104,1,105
16675,16676,806,13,819
16676,16677,296,7,303
16677,16678,401,3,404
16678,16679,234,2,236
16679,16680,1542,22,1564
16680,16681,190,6,196
16681,16682,372,8,380
16682,16683,1881,42,1923
16683,16684,278,5,283
16684,16685,8046,185,8231
16685,16686,257,3,260
16686,16687,848,9,857
16687,16688,1284,30,1314
16688,16689,380,10,390
16689,16690,659,16,675
16690,16691,141,2,143
16691,16692,535,14,549
16692,16693,1055,21,1076
16693,16694,48,0,48
16694,16695,167,3,170
16695,16696,2659,38,2697
16696,16697,372,4,376
16697,16698,1688,54,1742
16698,16699,2207,54,2261
16699,16700,116,3,119
16700,16701,47,0,47
16701,16702,2294,50,2344
16702,16703,488,3,491
16703,16704,75,1,76
16704,16705,179,8,187
16705,16706,236,3,239
16706,16707,229,2,231
16707,16708,1012,14,1026
16708,16709,1160,21,1181
16709,16710,283,7,290
16710,16711,907,18,925
16711,16712,842,16,858
16712,16713,395,16,411
16713,16714,164,3,167
16714,16715,104,2,106
16715,16716,615,11,626
16716,16717,219,3,222
16717,16718,896,8,904
16718,16719,751,9,760
16719,16720,283,5,288
16720,16721,6247,98,6345
16721,16722,568,10,578
16722,16723,1879,28,1907
16723,16724,115,3,118
16724,16725,516,12,528
16725,16726,410,22,432
16726,16727,6623,273,6896
16727,16728,657,10,667
16728,16729,159,0,159
16729,16730,723,9,732
16730,16731,472,11,483
16731,16732,5101,143,5244
16732,16733,455,13,468
16733,16734,939,15,954
16734,16735,1112,48,1160
16735,16736,4733,79,4812
16736,16737,644,12,656
16737,16738,759,21,780
16738,16739,1789,26,1815
16739,16740,521,9,530
16740,16741,155,1,156
16741,16742,1134,17,1151
16742,16743,966,18,984
16743,16744,2314,44,2358
16744,16745,282,6,288
16745,16746,1988,38,2026
16746,16747,113,4,117
16747,16748,273,11,284
16748,16749,239,5,244
16749,16750,102,2,104
16750,16751,1340,16,1356
16751,16752,9554,386,9940
16752,16753,118,1,119
16753,16754,601,16,617
16754,16755,1741,63,1804
16755,16756,728,12,740
16756,16757,775,15,790
16757,16758,395,5,400
16758,16759,29641,782,30423
16759,16760,31303,386,31689
16760,16761,102725,1006,103731
16761,16762,36064,406,36470
16762,16763,49664,1085,50749
16763,16764,52862,884,53746
16764,16765,82573,493,83066
16765,16766,86154,1022,87176
16766,16767,51983,537,52520
16767,16768,712,6,718
16768,16769,327,4,331
16769,16770,7789,177,7966
16770,16771,214,2,216
16771,16772,13643,151,13794
16772,16773,36,1,37
16773,16774,8352,170,8522
16774,16775,166,4,170
16775,16776,5686,160,5846
16776,16777,164,2,166
16777,16778,89,2,91
16778,16779,778,16,794
16779,16780,587,15,602
16780,16781,1372,13,1385
16781,16782,3260,95,3355
16782,16783,280,3,283
16783,16784,149,5,154
16784,16785,1410,29,1439
16785,16786,1620,25,1645
16786,16787,636,20,656
16787,16788,1481,24,1505
16788,16789,1257,59,1316
16789,16790,250,9,259
16790,16791,551,7,558
16791,16792,673,17,690
16792,16793,9359,253,9612
16793,16794,994,15,1009
16794,16795,61,3,64
16795,16796,228,4,232
16796,16797,531,2,533
16797,16798,340,12,352
16798,16799,206,7,213
16799,16800,820,20,840
16800,16801,10571,173,10744
16801,16802,1269,28,1297
16802,16803,1918,52,1970
16803,16804,51,0,51
16804,16805,216,5,221
16805,16806,88,2,90
16806,16807,306,8,314
16807,16808,834,18,852
16808,16809,366,4,370
16809,16810,464,14,478
16810,16811,129,5,134
16811,16812,287,8,295
16812,16813,75,2,77
16813,16814,610,15,625
16814,16815,218,3,221
16815,16816,156,2,158
16816,16817,1416,16,1432
16817,16818,188,3,191
16818,16819,1082,23,1105
16819,16820,178,4,182
16820,16821,7151,118,7269
16821,16822,118,2,120
16822,16823,92,3,95
16823,16824,230,4,234
16824,16825,901,27,928
16825,16826,229,1,230
16826,16827,2139,42,2181
16827,16828,684,11,695
16828,16829,310,6,316
16829,16830,1008,26,1034
16830,16831,95,2,97
16831,16832,1600,34,1634
16832,16833,1512,27,1539
16833,16834,1480,38,1518
16834,16835,2348,40,2388
16835,16836,355,4,359
16836,16837,11317,220,11537
16837,16838,1567,29,1596
16838,16839,1715,79,1794
16839,16840,661,20,681
16840,16841,567,9,576
16841,16842,103,2,105
16842,16843,147,5,152
16843,16844,7653,118,7771
16844,16845,4410,25,4435
16845,16846,584,10,594
16846,16847,971,15,986
16847,16848,515,11,526
16848,16849,7581,236,7817
16849,16850,777,19,796
16850,16851,2753,67,2820
16851,16852,154,1,155
16852,16853,1098,17,1115
16853,16854,116,4,120
16854,16855,1589,20,1609
16855,16856,391,8,399
16856,16857,760,11,771
16857,16858,547,13,560
16858,16859,1819,68,1887
16859,16860,66,3,69
16860,16861,72,1,73
16861,16862,132,3,135
16862,16863,955,36,991
16863,16864,1050,8,1058
16864,16865,16219,186,16405
16865,16866,291,7,298
16866,16867,366,4,370
16867,16868,368,4,372
16868,16869,651,16,667
16869,16870,50,1,51
16870,16871,137,0,137
16871,16872,208,7,215
16872,16873,277,4,281
16873,16874,424,12,436
16874,16875,241,6,247
16875,16876,405,12,417
16876,16877,192,10,202
16877,16878,107,3,110
16878,16879,291,6,297
16879,16880,4958,96,5054
16880,16881,233,5,238
16881,16882,1834,17,1851
16882,16883,58,1,59
16883,16884,3371,52,3423
16884,16885,1697,15,1712
16885,16886,2322,35,2357
16886,16887,3240,68,3308
16887,16888,1106,20,1126
16888,16889,1711,168,1879
16889,16890,445,5,450
16890,16891,3223,69,3292
16891,16892,234,3,237
16892,16893,160,3,163
16893,16894,6177,131,6308
16894,16895,60,31,91
16895,16896,247,2,249
16896,16897,1020,23,1043
16897,16898,163,2,165
16898,16899,569,10,579
16899,16900,313,4,317
16900,16901,87,1,88
16901,16902,643,5,648
16902,16903,108,4,112
16903,16904,318,6,324
16904,16905,643,14,657
16905,16906,168,6,174
16906,16907,280,6,286
16907,16908,408,11,419
16908,16909,873,22,895
16909,16910,62,0,62
16910,16911,1395,27,1422
16911,16912,431,15,446
16912,16913,261,4,265
16913,16914,124,3,127
16914,16915,83,3,86
16915,16916,71,2,73
16916,16917,260,2,262
16917,16918,316,4,320
16918,16919,1400,29,1429
16919,16920,164,9,173
16920,16921,5846,58,5904
16921,16922,124,1,125
16922,16923,79,0,79
16923,16924,1388,43,1431
16924,16925,9107,150,9257
16925,16926,9418,170,9588
16926,16927,214,3,217
16927,16928,98,3,101
16928,16929,244,13,257
16929,16930,902,18,920
16930,16931,2693,65,2758
16931,16932,89,1,90
16932,16933,534,5,539
16933,16934,128,6,134
16934,16935,485,10,495
16935,16936,286,8,294
16936,16937,968,21,989
16937,16938,269,12,281
16938,16939,1547,24,1571
16939,16940,234,2,236
16940,16941,2678,31,2709
16941,16942,354,4,358
16942,16943,574,12,586
16943,16944,265,5,270
16944,16945,319,3,322
16945,16946,35,1,36
16946,16947,2667,33,2700
16947,16948,125,3,128
16948,16949,660,14,674
16949,16950,906,16,922
16950,16951,284,6,290
16951,16952,197,1,198
16952,16953,260,6,266
16953,16954,645,15,660
16954,16955,921,23,944
16955,16956,1178,31,1209
16956,16957,149,5,154
16957,16958,640,16,656
16958,16959,632,5,637
16959,16960,300,6,306
16960,16961,497,9,506
16961,16962,1933,25,1958
16962,16963,545,6,551
16963,16964,248,14,262
16964,16965,235,3,238
16965,16966,749,13,762
16966,16967,399,10,409
16967,16968,1808,54,1862
16968,16969,482,4,486
16969,16970,4066,40,4106
16970,16971,444,8,452
16971,16972,543,11,554
16972,16973,444,9,453
16973,16974,4457,82,4539
16974,16975,330,5,335
16975,16976,11127,258,11385
16976,16977,1168,22,1190
16977,16978,115,0,115
16978,16979,711,11,722
16979,16980,561,11,572
16980,16981,557,15,572
16981,16982,169,5,174
16982,16983,519,10,529
16983,16984,3007,43,3050
16984,16985,83,5,88
16985,16986,242,3,245
16986,16987,1707,15,1722
16987,16988,531,7,538
16988,16989,332,10,342
16989,16990,302,7,309
16990,16991,283,3,286
16991,16992,101,3,104
16992,16993,862,8,870
16993,16994,32,0,32
16994,16995,121,4,125
16995,16996,165,1,166
16996,16997,290,8,298
16997,16998,69,4,73
16998,16999,61,1,62
16999,17000,263,9,272
17000,17001,516,11,527
17001,17002,926,11,937
17002,17003,134,1,135
17003,17004,189,4,193
17004,17005,240,5,245
17005,17006,384,7,391
17006,17007,262,4,266
17007,17008,328,8,336
17008,17009,180,6,186
17009,17010,393,4,397
17010,17011,56483,291,56774
17011,17012,23361,501,23862
17012,17013,852,8,860
17013,17014,539,14,553
17014,17015,164,1,165
17015,17016,67,3,70
17016,17017,798,18,816
17017,17018,141,5,146
17018,17019,2780,40,2820
17019,17020,236,10,246
17020,17021,412,4,416
17021,17022,29,1,30
17022,17023,401,3,404
17023,17024,366,7,373
17024,17025,165,6,171
17025,17026,186,2,188
17026,17027,332,9,341
17027,17028,927,11,938
17028,17029,1498,43,1541
17029,17030,162,0,162
17030,17031,11668,127,11795
17031,17032,488,9,497
17032,17033,95,1,96
17033,17034,404,8,412
17034,17035,4,0,4
17035,17036,104,5,109
17036,17037,1235,24,1259
17037,17038,81,2,83
17038,17039,52,1,53
17039,17040,30950,201,31151
17040,17041,67,2,69
17041,17042,79,1,80
17042,17043,318,7,325
17043,17044,160,5,165
17044,17045,2195,43,2238
17045,17046,242,5,247
17046,17047,2182,42,2224
17047,17048,127,6,133
17048,17049,2785,60,2845
17049,17050,6143,48,6191
17050,17051,1199,17,1216
17051,17052,408,7,415
17052,17053,321,7,328
17053,17054,1165,18,1183
17054,17055,129,3,132
17055,17056,199,9,208
17056,17057,1547,45,1592
17057,17058,327,9,336
17058,17059,92,4,96
17059,17060,146,8,154
17060,17061,327,6,333
17061,17062,171,4,175
17062,17063,844,25,869
17063,17064,45,4,49
17064,17065,7984,165,8149
17065,17066,1887,24,1911
17066,17067,2470,78,2548
17067,17068,938,17,955
17068,17069,1841,66,1907
17069,17070,565,13,578
17070,17071,193,3,196
17071,17072,780,15,795
17072,17073,1884,34,1918
17073,17074,805,19,824
17074,17075,1975,30,2005
17075,17076,489,6,495
17076,17077,1132,20,1152
17077,17078,3207,97,3304
17078,17079,322,4,326
17079,17080,980,14,994
17080,17081,1011,28,1039
17081,17082,6134,156,6290
17082,17083,43,0,43
17083,17084,187,3,190
17084,17085,566,16,582
17085,17086,54,2,56
17086,17087,204,3,207
17087,17088,265,4,269
17088,17089,631,15,646
17089,17090,243,10,253
17090,17091,78,1,79
17091,17092,502,2,504
17092,17093,34,2,36
17093,17094,125,0,125
17094,17095,162,0,162
17095,17096,76,0,76
17096,17097,284,12,296
17097,17098,422,12,434
17098,17099,761,15,776
17099,17100,348,5,353
17100,17101,283,6,289
17101,17102,1024,15,1039
17102,17103,846,15,861
17103,17104,864,26,890
17104,17105,110,2,112
17105,17106,3531,55,3586
17106,17107,61,4,65
17107,17108,134,2,136
17108,17109,368,12,380
17109,17110,204,1,205
17110,17111,8191,270,8461
17111,17112,5157,171,5328
17112,17113,2004,32,2036
17113,17114,343,5,348
17114,17115,1795,18,1813
17115,17116,11675,170,11845
17116,17117,191,9,200
17117,17118,82,5,87
17118,17119,305,5,310
17119,17120,193,6,199
17120,17121,388,10,398
17121,17122,804,27,831
17122,17123,384,5,389
17123,17124,246,7,253
17124,17125,399,7,406
17125,17126,183,4,187
17126,17127,21998,283,22281
17127,17128,602,13,615
17128,17129,4795,150,4945
17129,17130,319,9,328
17130,17131,335,6,341
17131,17132,581,12,593
17132,17133,376,11,387
17133,17134,187,5,192
17134,17135,117,5,122
17135,17136,553,5,558
17136,17137,4777,48,4825
17137,17138,440,129,569
17138,17139,287,7,294
17139,17140,6943,97,7040
17140,17141,956,46,1002
17141,17142,92,1,93
17142,17143,547,16,563
17143,17144,400,7,407
17144,17145,467,4,471
17145,17146,218,4,222
17146,17147,838,11,849
17147,17148,142,7,149
17148,17149,142,3,145
17149,17150,299,4,303
17150,17151,996,23,1019
17151,17152,182,1,183
17152,17153,147,0,147
17153,17154,296,16,312
17154,17155,421,6,427
17155,17156,187,5,192
17156,17157,1035,14,1049
17157,17158,275,11,286
17158,17159,498,11,509
17159,17160,1497,41,1538
17160,17161,304,8,312
17161,17162,892,13,905
17162,17163,114,3,117
17163,17164,444,9,453
17164,17165,2915,59,2974
17165,17166,344,5,349
17166,17167,246,4,250
17167,17168,236,8,244
17168,17169,163,2,165
17169,17170,22528,669,23197
17170,17171,540,5,545
17171,17172,592,30,622
17172,17173,100,6,106
17173,17174,1449,22,1471
17174,17175,41,5,46
17175,17176,70,4,74
17176,17177,71,8,79
17177,17178,46,4,50
17178,17179,120,1,121
17179,17180,1544,29,1573
17180,17181,1692,17,1709
17181,17182,117,2,119
17182,17183,294,4,298
17183,17184,533,12,545
17184,17185,266,4,270
17185,17186,237,6,243
17186,17187,312,7,319
17187,17188,43921,195,44116
17188,17189,20818,157,20975
17189,17190,29,1,30
17190,17191,427,7,434
17191,17192,1348,28,1376
17192,17193,664,10,674
17193,17194,520,8,528
17194,17195,440,20,460
17195,17196,470,13,483
17196,17197,132,6,138
17197,17198,242,2,244
17198,17199,568,9,577
17199,17200,1387,19,1406
17200,17201,1948,48,1996
17201,17202,1228,22,1250
17202,17203,224,1,225
17203,17204,214,4,218
17204,17205,98,0,98
17205,17206,697,8,705
17206,17207,487,9,496
17207,17208,437,14,451
17208,17209,104,1,105
17209,17210,6458,57,6515
17210,17211,351,2,353
17211,17212,4505,64,4569
17212,17213,1001,12,1013
17213,17214,62,1,63
17214,17215,403,4,407
17215,17216,57,0,57
17216,17217,56,1,57
17217,17218,813,11,824
17218,17219,4628,85,4713
17219,17220,41,0,41
17220,17221,236,2,238
17221,17222,438,7,445
17222,17223,1682,15,1697
17223,17224,473,4,477
17224,17225,462,17,479
17225,17226,1326,20,1346
17226,17227,1152,26,1178
17227,17228,2276,47,2323
17228,17229,72,1,73
17229,17230,99,2,101
17230,17231,1263,19,1282
17231,17232,1052,18,1070
17232,17233,1953,57,2010
17233,17234,47,0,47
17234,17235,856,8,864
17235,17236,813,19,832
17236,17237,517,7,524
17237,17238,93,2,95
17238,17239,695,19,714
17239,17240,1294,29,1323
17240,17241,404,10,414
17241,17242,130,3,133
17242,17243,459,9,468
17243,17244,50,3,53
17244,17245,1479,21,1500
17245,17246,155,6,161
17246,17247,673,11,684
17247,17248,4992,81,5073
17248,17249,876,20,896
17249,17250,160,1,161
17250,17251,369,3,372
17251,17252,4584,63,4647
17252,17253,51,0,51
17253,17254,598,6,604
17254,17255,583,4,587
17255,17256,720,12,732
17256,17257,461,11,472
17257,17258,67,2,69
17258,17259,1208,85,1293
17259,17260,71,2,73
17260,17261,213,5,218
17261,17262,1727,31,1758
17262,17263,56,2,58
17263,17264,203,2,205
17264,17265,492,9,501
17265,17266,815,20,835
17266,17267,1729,50,1779
17267,17268,784,17,801
17268,17269,172,0,172
17269,17270,292,5,297
17270,17271,900,29,929
17271,17272,1176,21,1197
17272,17273,442,2,444
17273,17274,192,3,195
17274,17275,876,15,891
17275,17276,224,4,228
17276,17277,337,20,357
17277,17278,725,15,740
17278,17279,2138,47,2185
17279,17280,92,4,96
17280,17281,1121,16,1137
17281,17282,128,5,133
17282,17283,1391,47,1438
17283,17284,727,9,736
17284,17285,665,19,684
17285,17286,1599,21,1620
17286,17287,219,3,222
17287,17288,628,21,649
17288,17289,1688,21,1709
17289,17290,562,10,572
17290,17291,745,29,774
17291,17292,743,11,754
17292,17293,951,21,972
17293,17294,761,24,785
17294,17295,10529,125,10654
17295,17296,4159,65,4224
17296,17297,530,27,557
17297,17298,1900,25,1925
17298,17299,645,15,660
17299,17300,284,5,289
17300,17301,593,68,661
17301,17302,1079,64,1143
17302,17303,1099,20,1119
17303,17304,1314,27,1341
17304,17305,8138,157,8295
17305,17306,765,32,797
17306,17307,765,9,774
17307,17308,38486,697,39183
17308,17309,748,3,751
17309,17310,145,2,147
17310,17311,3549,64,3613
17311,17312,201,1,202
17312,17313,837,15,852
17313,17314,240,1,241
17314,17315,1480,20,1500
17315,17316,136,4,140
17316,17317,2866,56,2922
17317,17318,53,3,56
17318,17319,562,14,576
17319,17320,1508,25,1533
17320,17321,3677,168,3845
17321,17322,384,6,390
17322,17323,707,8,715
17323,17324,391,11,402
17324,17325,661,9,670
17325,17326,1696,36,1732
17326,17327,143,1,144
17327,17328,237,2,239
17328,17329,1912,23,1935
17329,17330,6234,103,6337
17330,17331,812,20,832
17331,17332,887,11,898
17332,17333,1030,8,1038
17333,17334,284,6,290
17334,17335,383,6,389
17335,17336,394,5,399
17336,17337,330,7,337
17337,17338,111,1,112
17338,17339,105,0,105
17339,17340,1444,15,1459
17340,17341,209,5,214
17341,17342,398,4,402
17342,17343,2280,47,2327
17343,17344,836,11,847
17344,17345,284,2,286
17345,17346,231,2,233
17346,17347,614,15,629
17347,17348,1157,18,1175
17348,17349,3231,41,3272
17349,17350,505,10,515
17350,17351,1158,21,1179
17351,17352,2792,122,2914
17352,17353,1604,24,1628
17353,17354,63,1,64
17354,17355,56,5,61
17355,17356,325,8,333
17356,17357,116,1,117
17357,17358,89,2,91
17358,17359,2876,31,2907
17359,17360,2197,78,2275
17360,17361,2846,50,2896
17361,17362,307,6,313
17362,17363,797,15,812
17363,17364,173,4,177
17364,17365,365,2,367
17365,17366,125,5,130
17366,17367,256,3,259
17367,17368,8676,177,8853
17368,17369,538,12,550
17369,17370,717,2,719
17370,17371,161,8,169
17371,17372,121,4,125
17372,17373,8656,164,8820
17373,17374,393,4,397
17374,17375,65,3,68
17375,17376,740,13,753
17376,17377,1116,32,1148
17377,17378,556,20,576
17378,17379,180,3,183
17379,17380,106,4,110
17380,17381,701,9,710
17381,17382,129,1,130
17382,17383,111,4,115
17383,17384,107,6,113
17384,17385,469,9,478
17385,17386,206,5,211
17386,17387,224,9,233
17387,17388,107,6,113
17388,17389,32384,228,32612
17389,17390,6372,185,6557
17390,17391,169,3,172
17391,17392,202,6,208
17392,17393,605,12,617
17393,17394,2687,58,2745
17394,17395,603,6,609
17395,17396,693,9,702
17396,17397,513,7,520
17397,17398,282,16,298
17398,17399,323,12,335
17399,17400,1757,33,1790
17400,17401,1692,37,1729
17401,17402,220,5,225
17402,17403,197,3,200
17403,17404,1611,17,1628
17404,17405,546,14,560
17405,17406,824,9,833
17406,17407,123,1,124
17407,17408,183,8,191
17408,17409,41,1,42
17409,17410,1842,52,1894
17410,17411,3446,52,3498
17411,17412,668,12,680
17412,17413,3125,50,3175
17413,17414,751,22,773
17414,17415,218,2,220
17415,17416,11842,125,11967
17416,17417,51,1,52
17417,17418,133,0,133
17418,17419,2235,29,2264
17419,17420,131,4,135
17420,17421,4250,65,4315
17421,17422,144,2,146
17422,17423,1763,22,1785
17423,17424,5542,26,5568
17424,17425,308,4,312
17425,17426,1329,66,1395
17426,17427,138,1,139
17427,17428,596,11,607
17428,17429,1159,87,1246
17429,17430,1053,11,1064
17430,17431,10108,231,10339
17431,17432,485,13,498
17432,17433,5663,43,5706
17433,17434,16385,499,16884
17434,17435,87,2,89
17435,17436,307,14,321
17436,17437,1922,57,1979
17437,17438,17421,587,18008
17438,17439,726,31,757
17439,17440,86,4,90
17440,17441,350,12,362
17441,17442,174,3,177
17442,17443,2712,43,2755
17443,17444,186,1,187
17444,17445,141,3,144
17445,17446,76,1,77
17446,17447,1508,24,1532
17447,17448,336,1,337
17448,17449,234,7,241
17449,17450,5642,116,5758
17450,17451,236,11,247
17451,17452,1774,61,1835
17452,17453,139,1,140
17453,17454,396,22,418
17454,17455,80,4,84
17455,17456,1428,23,1451
17456,17457,876,18,894
17457,17458,237,3,240
17458,17459,410,6,416
17459,17460,5610,54,5664
17460,17461,2109,26,2135
17461,17462,207,4,211
17462,17463,112,2,114
17463,17464,277,4,281
17464,17465,329,5,334
17465,17466,1814,33,1847
17466,17467,151,2,153
17467,17468,443,8,451
17468,17469,10663,135,10798
17469,17470,829,9,838
17470,17471,7,0,7
17471,17472,139,5,144
17472,17473,2701,21,2722
17473,17474,1027,15,1042
17474,17475,194,1,195
17475,17476,584,9,593
17476,17477,956,41,997
17477,17478,83,0,83
17478,17479,85,0,85
17479,17480,233,1,234
17480,17481,1897,12,1909
17481,17482,10798,69,10867
17482,17483,81,0,81
17483,17484,1998,24,2022
17484,17485,964,14,978
17485,17486,5083,61,5144
17486,17487,197,3,200
17487,17488,574,7,581
17488,17489,480,8,488
17489,17490,483,7,490
17490,17491,162,7,169
17491,17492,570,11,581
17492,17493,922,16,938
17493,17494,58,2,60
17494,17495,306,6,312
17495,17496,19,0,19
17496,17497,186,5,191
17497,17498,1455,47,1502
17498,17499,1519,15,1534
17499,17500,3142,75,3217
17500,17501,300,9,309
17501,17502,930,21,951
17502,17503,480,14,494
17503,17504,257,6,263
17504,17505,233,5,238
17505,17506,483,11,494
17506,17507,47,1,48
17507,17508,843,19,862
17508,17509,5311,76,5387
17509,17510,843,10,853
17510,17511,1301,42,1343
17511,17512,1213,22,1235
17512,17513,1425,37,1462
17513,17514,700,22,722
17514,17515,7734,104,7838
17515,17516,58491,340,58831
17516,17517,57278,443,57721
17517,17518,61406,552,61958
17518,17519,91358,717,92075
17519,17520,61702,252,61954
17520,17521,77243,299,77542
17521,17522,16002,100,16102
17522,17523,39893,200,40093
17523,17524,25217,58,25275
17524,17525,51792,194,51986
17525,17526,49296,303,49599
17526,17527,46152,279,46431
17527,17528,42135,406,42541
17528,17529,34697,313,35010
17529,17530,81436,1254,82690
17530,17531,76633,654,77287
17531,17532,1475,10,1485
17532,17533,655,9,664
17533,17534,703,13,716
17534,17535,6407,78,6485
17535,17536,598,6,604
17536,17537,448,11,459
17537,17538,283,9,292
17538,17539,46,1,47
17539,17540,1011,29,1040
17540,17541,125,8,133
17541,17542,3395,79,3474
17542,17543,150,4,154
17543,17544,143,7,150
17544,17545,425,3,428
17545,17546,120,2,122
17546,17547,714,11,725
17547,17548,376,9,385
17548,17549,1625,41,1666
17549,17550,46,0,46
17550,17551,168,3,171
17551,17552,1352,31,1383
17552,17553,561,7,568
17553,17554,988,24,1012
17554,17555,192,13,205
17555,17556,432,9,441
17556,17557,7624,131,7755
17557,17558,1667,65,1732
17558,17559,435,12,447
17559,17560,135,2,137
17560,17561,410,6,416
17561,17562,816,66,882
17562,17563,105,2,107
17563,17564,325,7,332
17564,17565,2583,65,2648
17565,17566,1914,28,1942
17566,17567,48574,516,49090
17567,17568,3279,40,3319
17568,17569,1603,51,1654
17569,17570,94,2,96
17570,17571,68,1,69
17571,17572,1171,12,1183
17572,17573,194,1,195
17573,17574,1305,38,1343
17574,17575,131,3,134
17575,17576,66,2,68
17576,17577,938,20,958
17577,17578,492,11,503
17578,17579,106,1,107
17579,17580,2414,44,2458
17580,17581,351,13,364
17581,17582,676,7,683
17582,17583,222,7,229
17583,17584,60,1,61
17584,17585,261,4,265
17585,17586,500,6,506
17586,17587,75,2,77
17587,17588,4684,244,4928
17588,17589,162,3,165
17589,17590,517,13,530
17590,17591,983,25,1008
17591,17592,263,4,267
17592,17593,1114,11,1125
17593,17594,2421,28,2449
17594,17595,312,11,323
17595,17596,3724,201,3925
17596,17597,296,5,301
17597,17598,529,6,535
17598,17599,1068,16,1084
17599,17600,2457,55,2512
17600,17601,517,11,528
17601,17602,178,5,183
17602,17603,1342,18,1360
17603,17604,107,6,113
17604,17605,927,22,949
17605,17606,170,6,176
17606,17607,672,10,682
17607,17608,25,1,26
17608,17609,63,4,67
17609,17610,123,0,123
17610,17611,187,12,199
17611,17612,362,7,369
17612,17613,3720,79,3799
17613,17614,882,25,907
17614,17615,716,13,729
17615,17616,281,3,284
17616,17617,2745,29,2774
17617,17618,4109,45,4154
17618,17619,250,7,257
17619,17620,250,11,261
17620,17621,183,2,185
17621,17622,93,0,93
17622,17623,27,1,28
17623,17624,405,18,423
17624,17625,372,8,380
17625,17626,108,1,109
17626,17627,201,6,207
17627,17628,355,5,360
17628,17629,709,10,719
17629,17630,1365,24,1389
17630,17631,960,27,987
17631,17632,142,5,147
17632,17633,116,1,117
17633,17634,664,8,672
17634,17635,1498,397,1895
17635,17636,1797,66,1863
17636,17637,750,17,767
17637,17638,2670,56,2726
17638,17639,52,0,52
17639,17640,391,6,397
17640,17641,620,14,634
17641,17642,667,15,682
17642,17643,328,6,334
17643,17644,153,8,161
17644,17645,158,4,162
17645,17646,91,1,92
17646,17647,274,7,281
17647,17648,103,1,104
17648,17649,1534,34,1568
17649,17650,217,5,222
17650,17651,225,6,231
17651,17652,334,5,339
17652,17653,692,13,705
17653,17654,881,5,886
17654,17655,627,16,643
17655,17656,277,5,282
17656,17657,2160,80,2240
17657,17658,198,2,200
17658,17659,2152,37,2189
17659,17660,144,1,145
17660,17661,2286,56,2342
17661,17662,69,2,71
17662,17663,327,5,332
17663,17664,151,5,156
17664,17665,1697,23,1720
17665,17666,502,7,509
17666,17667,612,13,625
17667,17668,1145,22,1167
17668,17669,33458,238,33696
17669,17670,47,0,47
17670,17671,174,3,177
17671,17672,806,25,831
17672,17673,67,2,69
17673,17674,469,9,478
17674,17675,1461,108,1569
17675,17676,137,1,138
17676,17677,1033,72,1105
17677,17678,29589,283,29872
17678,17679,2266,28,2294
17679,17680,289,3,292
17680,17681,415,3,418
17681,17682,560,16,576
17682,17683,182,3,185
17683,17684,51,1,52
17684,17685,188,2,190
17685,17686,17924,475,18399
17686,17687,16705,194,16899
17687,17688,111,3,114
17688,17689,174,8,182
17689,17690,1033,12,1045
17690,17691,5881,221,6102
17691,17692,327,6,333
17692,17693,1013,15,1028
17693,17694,164,4,168
17694,17695,8578,226,8804
17695,17696,92,0,92
17696,17697,2947,236,3183
17697,17698,269,3,272
17698,17699,3203,78,3281
17699,17700,1000,20,1020
17700,17701,46,1,47
17701,17702,147,7,154
17702,17703,164,6,170
17703,17704,105,2,107
17704,17705,476,4,480
17705,17706,143,2,145
17706,17707,220,9,229
17707,17708,583,15,598
17708,17709,358,6,364
17709,17710,214,1,215
17710,17711,94,1,95
17711,17712,4414,53,4467
17712,17713,361,4,365
17713,17714,409,7,416
17714,17715,2260,48,2308
17715,17716,2568,49,2617
17716,17717,317,10,327
17717,17718,208,2,210
17718,17719,162,2,164
17719,17720,17683,248,17931
17720,17721,506,11,517
17721,17722,170,6,176
17722,17723,307,12,319
17723,17724,3498,218,3716
17724,17725,86,1,87
17725,17726,108,1,109
17726,17727,403,3,406
17727,17728,3145,71,3216
17728,17729,144,4,148
17729,17730,440,6,446
17730,17731,2111,60,2171
17731,17732,584,10,594
17732,17733,794,6,800
17733,17734,23,0,23
17734,17735,442,10,452
17735,17736,2362,50,2412
17736,17737,62,2,64
17737,17738,198,6,204
17738,17739,251,2,253
17739,17740,217,4,221
17740,17741,1183,26,1209
17741,17742,533,12,545
17742,17743,3244,65,3309
17743,17744,89,3,92
17744,17745,89,1,90
17745,17746,102,4,106
17746,17747,45,1,46
17747,17748,607,8,615
17748,17749,69,2,71
17749,17750,296,8,304
17750,17751,144,0,144
17751,17752,1301,23,1324
17752,17753,868,9,877
17753,17754,289,10,299
17754,17755,117,4,121
17755,17756,2891,55,2946
17756,17757,666,12,678
17757,17758,179,3,182
17758,17759,1470,17,1487
17759,17760,216,4,220
17760,17761,288,6,294
17761,17762,1453,34,1487
17762,17763,361,8,369
17763,17764,300,10,310
17764,17765,298,10,308
17765,17766,9818,119,9937
17766,17767,943,4,947
17767,17768,2014,14,2028
17768,17769,346,7,353
17769,17770,12823,680,13503
17770,17771,3120,39,3159
17771,17772,315,17,332
17772,17773,334,1,335
17773,17774,215,1,216
17774,17775,259,7,266
17775,17776,637,15,652
17776,17777,198,6,204
17777,17778,91,3,94
17778,17779,81,1,82
17779,17780,498,16,514
17780,17781,38,1,39
17781,17782,25,2,27
17782,17783,230,3,233
17783,17784,9996,422,10418
17784,17785,6201,158,6359
17785,17786,121,1,122
17786,17787,833,28,861
17787,17788,868,13,881
17788,17789,716,11,727
17789,17790,126,6,132
17790,17791,263,3,266
17791,17792,196,2,198
17792,17793,973,14,987
17793,17794,306,5,311
17794,17795,127,1,128
17795,17796,106,4,110
17796,17797,151,4,155
17797,17798,211,7,218
17798,17799,279,5,284
17799,17800,1110,29,1139
17800,17801,263,4,267
17801,17802,1445,42,1487
17802,17803,303,13,316
17803,17804,377,68,445
17804,17805,8033,42,8075
17805,17806,469,9,478
17806,17807,305,4,309
17807,17808,542,4,546
17808,17809,286,4,290
17809,17810,228,7,235
17810,17811,112,3,115
17811,17812,1390,13,1403
17812,17813,1026,23,1049
17813,17814,1256,29,1285
17814,17815,96,3,99
17815,17816,15,3,18
17816,17817,25,1,26
17817,17818,29,0,29
17818,17819,775,10,785
17819,17820,1823,43,1866
17820,17821,337,6,343
17821,17822,628,12,640
17822,17823,5925,105,6030
17823,17824,73,1,74
17824,17825,1469,30,1499
17825,17826,360,5,365
17826,17827,4266,103,4369
17827,17828,513,8,521
17828,17829,906,15,921
17829,17830,55750,479,56229
17830,17831,233,3,236
17831,17832,1360,29,1389
17832,17833,129,3,132
17833,17834,720,7,727
17834,17835,607,16,623
17835,17836,122,0,122
17836,17837,3025,128,3153
17837,17838,6555,128,6683
17838,17839,179,3,182
17839,17840,527,5,532
17840,17841,1147,31,1178
17841,17842,1330,59,1389
17842,17843,538,23,561
17843,17844,489,8,497
17844,17845,1918,30,1948
17845,17846,686,17,703
17846,17847,331,6,337
17847,17848,496,11,507
17848,17849,314,6,320
17849,17850,129,6,135
17850,17851,929,26,955
17851,17852,1356,34,1390
17852,17853,213,2,215
17853,17854,674,24,698
17854,17855,1500,19,1519
17855,17856,29,1,30
17856,17857,968,23,991
17857,17858,6958,107,7065
17858,17859,3408,50,3458
17859,17860,59,1,60
17860,17861,228,7,235
17861,17862,125,2,127
17862,17863,3242,79,3321
17863,17864,6173,329,6502
17864,17865,1322,45,1367
17865,17866,488,12,500
17866,17867,430,7,437
17867,17868,502,4,506
17868,17869,92,1,93
17869,17870,266,8,274
17870,17871,391,17,408
17871,17872,613,13,626
17872,17873,649,12,661
17873,17874,320,5,325
17874,17875,1521,27,1548
17875,17876,584,6,590
17876,17877,40844,295,41139
17877,17878,123,1,124
17878,17879,351,3,354
17879,17880,214,27,241
17880,17881,324,4,328
17881,17882,41,2,43
17882,17883,630,22,652
17883,17884,538,11,549
17884,17885,238,5,243
17885,17886,77,0,77
17886,17887,635,10,645
17887,17888,12318,829,13147
17888,17889,838,23,861
17889,17890,204,128,332
17890,17891,161,5,166
17891,17892,9,0,9
17892,17893,110,1,111
17893,17894,532,23,555
17894,17895,379,7,386
17895,17896,467,10,477
17896,17897,1612,40,1652
17897,17898,128,2,130
17898,17899,534,7,541
17899,17900,15292,291,15583
17900,17901,392,4,396
17901,17902,875,9,884
17902,17903,1476,105,1581
17903,17904,670,17,687
17904,17905,669,14,683
17905,17906,71,0,71
17906,17907,675,13,688
17907,17908,397,18,415
17908,17909,312,14,326
17909,17910,185,3,188
17910,17911,62,0,62
17911,17912,300,3,303
17912,17913,1393,75,1468
17913,17914,1524,27,1551
17914,17915,139,2,141
17915,17916,293,5,298
17916,17917,1884,70,1954
17917,17918,1082,20,1102
17918,17919,729,13,742
17919,17920,128,3,131
17920,17921,30525,456,30981
17921,17922,637,9,646
17922,17923,5902,53,5955
17923,17924,781,23,804
17924,17925,157,2,159
17925,17926,53,2,55
17926,17927,6171,105,6276
17927,17928,716,10,726
17928,17929,355,10,365
17929,17930,807,22,829
17930,17931,52,1,53
17931,17932,555,16,571
17932,17933,136,1,137
17933,17934,964,21,985
17934,17935,662,6,668
17935,17936,606,12,618
17936,17937,1210,46,1256
17937,17938,1212,171,1383
17938,17939,2732,56,2788
17939,17940,3299,94,3393
17940,17941,1203,24,1227
17941,17942,1140,20,1160
17942,17943,78,1,79
17943,17944,1281,7,1288
17944,17945,270,6,276
17945,17946,242,1,243
17946,17947,2937,230,3167
17947,17948,342,4,346
17948,17949,603,19,622
17949,17950,680,10,690
17950,17951,81,1,82
17951,17952,922,17,939
17952,17953,479,18,497
17953,17954,254,7,261
17954,17955,320,4,324
17955,17956,201,13,214
17956,17957,151,2,153
17957,17958,3238,70,3308
17958,17959,261,8,269
17959,17960,3401,70,3471
17960,17961,705,21,726
17961,17962,431,17,448
17962,17963,1012,16,1028
17963,17964,1368,31,1399
17964,17965,1101,24,1125
17965,17966,94,3,97
17966,17967,325,5,330
17967,17968,156,6,162
17968,17969,1011,28,1039
17969,17970,177,4,181
17970,17971,371,9,380
17971,17972,192,1,193
17972,17973,2655,56,2711
17973,17974,669,12,681
17974,17975,286,2,288
17975,17976,285,5,290
17976,17977,1481,26,1507
17977,17978,179,7,186
17978,17979,202,4,206
17979,17980,3363,40,3403
17980,17981,1505,25,1530
17981,17982,1047,20,1067
17982,17983,291,9,300
17983,17984,9641,89,9730
17984,17985,2186,35,2221
17985,17986,324,9,333
17986,17987,1247,26,1273
17987,17988,312,3,315
17988,17989,3123,72,3195
17989,17990,178,1,179
17990,17991,277,1,278
17991,17992,1417,31,1448
17992,17993,571,24,595
17993,17994,312,9,321
17994,17995,2808,71,2879
17995,17996,360,9,369
17996,17997,530,9,539
17997,17998,346,8,354
17998,17999,71,4,75
17999,18000,248,2,250
18000,18001,409,12,421
18001,18002,1504,27,1531
18002,18003,577,15,592
18003,18004,287,3,290
18004,18005,89,0,89
18005,18006,120,3,123
18006,18007,57,1,58
18007,18008,235,4,239
18008,18009,245,4,249
18009,18010,729,7,736
18010,18011,1090,7,1097
18011,18012,4336,75,4411
18012,18013,91,1,92
18013,18014,198,3,201
18014,18015,473,16,489
18015,18016,591,29,620
18016,18017,561,6,567
18017,18018,458,9,467
18018,18019,587,24,611
18019,18020,325,9,334
18020,18021,122,0,122
18021,18022,4554,118,4672
18022,18023,47,0,47
18023,18024,102,5,107
18024,18025,889,24,913
18025,18026,6126,254,6380
18026,18027,937,249,1186
18027,18028,177,4,181
18028,18029,943,30,973
18029,18030,122,2,124
18030,18031,344,10,354
18031,18032,227,5,232
18032,18033,2039,45,2084
18033,18034,106,5,111
18034,18035,236,11,247
18035,18036,1004,15,1019
18036,18037,1854,54,1908
18037,18038,1976,20,1996
18038,18039,1048,40,1088
18039,18040,239,4,243
18040,18041,2150,50,2200
18041,18042,749,19,768
18042,18043,847,13,860
18043,18044,1690,29,1719
18044,18045,3402,85,3487
18045,18046,1253,35,1288
18046,18047,604,8,612
18047,18048,466,11,477
18048,18049,1199,11,1210
18049,18050,193,4,197
18050,18051,230,3,233
18051,18052,348,6,354
18052,18053,667,28,695
18053,18054,754,22,776
18054,18055,419,7,426
18055,18056,2068,66,2134
18056,18057,118489,1846,120335
18057,18058,64,0,64
18058,18059,624,10,634
18059,18060,160,7,167
18060,18061,1042,15,1057
18061,18062,968,28,996
18062,18063,2264,53,2317
18063,18064,659,10,669
18064,18065,2262,53,2315
18065,18066,45818,684,46502
18066,18067,462,13,475
18067,18068,9005,76,9081
18068,18069,553,5,558
18069,18070,30,2,32
18070,18071,172,6,178
18071,18072,197,2,199
18072,18073,6540,95,6635
18073,18074,3748,23,3771
18074,18075,339,9,348
18075,18076,267,2,269
18076,18077,132,4,136
18077,18078,54,1,55
18078,18079,1530,21,1551
18079,18080,567,18,585
18080,18081,1408,45,1453
18081,18082,160,3,163
18082,18083,1091,11,1102
18083,18084,421,7,428
18084,18085,137,3,140
18085,18086,325,1,326
18086,18087,733,13,746
18087,18088,7923,139,8062
18088,18089,2278,67,2345
18089,18090,294,2,296
18090,18091,1830,19,1849
18091,18092,17786,391,18177
18092,18093,2308,202,2510
18093,18094,2503,151,2654
18094,18095,660,13,673
18095,18096,794,16,810
18096,18097,3855,53,3908
18097,18098,931,29,960
18098,18099,5821,91,5912
18099,18100,1025,30,1055
18100,18101,313,6,319
18101,18102,63,0,63
18102,18103,1023,43,1066
18103,18104,269,8,277
18104,18105,807,119,926
18105,18106,847,15,862
18106,18107,1264,52,1316
18107,18108,1345,13,1358
18108,18109,638,12,650
18109,18110,34640,301,34941
18110,18111,231,2,233
18111,18112,619,17,636
18112,18113,133,1,134
18113,18114,584,12,596
18114,18115,697,9,706
18115,18116,597,11,608
18116,18117,1067,22,1089
18117,18118,199,1,200
18118,18119,189,3,192
18119,18120,457,11,468
18120,18121,669,12,681
18121,18122,2421,64,2485
18122,18123,611,15,626
18123,18124,7258,112,7370
18124,18125,114,3,117
18125,18126,5026,176,5202
18126,18127,356,8,364
18127,18128,405,9,414
18128,18129,1067,84,1151
18129,18130,828,26,854
18130,18131,120,5,125
18131,18132,321,4,325
18132,18133,274,11,285
18133,18134,6154,117,6271
18134,18135,175,3,178
18135,18136,721,14,735
18136,18137,344,5,349
18137,18138,415,3,418
18138,18139,61,0,61
18139,18140,312,14,326
18140,18141,182,3,185
18141,18142,492,13,505
18142,18143,247,3,250
18143,18144,173,0,173
18144,18145,5721,134,5855
18145,18146,91,3,94
18146,18147,4550,65,4615
18147,18148,552,14,566
18148,18149,837,22,859
18149,18150,739,18,757
18150,18151,4264,69,4333
18151,18152,21979,680,22659
18152,18153,441,5,446
18153,18154,244,5,249
18154,18155,269,4,273
18155,18156,205,4,209
18156,18157,354,2,356
18157,18158,4318,80,4398
18158,18159,76,1,77
18159,18160,117,5,122
18160,18161,718,12,730
18161,18162,316,7,323
18162,18163,4635,92,4727
18163,18164,149,5,154
18164,18165,1814,31,1845
18165,18166,283,12,295
18166,18167,978,32,1010
18167,18168,4213,74,4287
18168,18169,315,9,324
18169,18170,7255,165,7420
18170,18171,50,3,53
18171,18172,103,1,104
18172,18173,101,0,101
18173,18174,232,5,237
18174,18175,4148,80,4228
18175,18176,792,16,808
18176,18177,1262,41,1303
18177,18178,225,1,226
18178,18179,178,5,183
18179,18180,652,11,663
18180,18181,468,5,473
18181,18182,1045,20,1065
18182,18183,105,1,106
18183,18184,2197,54,2251
18184,18185,13707,146,13853
18185,18186,10781,128,10909
18186,18187,275,2,277
18187,18188,1344,39,1383
18188,18189,715,10,725
18189,18190,1550,35,1585
18190,18191,1170,30,1200
18191,18192,525,12,537
18192,18193,26428,400,26828
18193,18194,61,0,61
18194,18195,155,5,160
18195,18196,357,8,365
18196,18197,345,14,359
18197,18198,766,12,778
18198,18199,3092,102,3194
18199,18200,316,9,325
18200,18201,3450,301,3751
18201,18202,1046,22,1068
18202,18203,61,4,65
18203,18204,655,12,667
18204,18205,46,0,46
18205,18206,43,0,43
18206,18207,2171,34,2205
18207,18208,2008,37,2045
18208,18209,4949,487,5436
18209,18210,2380,59,2439
18210,18211,294,10,304
18211,18212,758,13,771
18212,18213,1258,26,1284
18213,18214,3102,124,3226
18214,18215,1104,14,1118
18215,18216,3310,50,3360
18216,18217,185,5,190
18217,18218,10122,151,10273
18218,18219,456,8,464
18219,18220,1733,38,1771
18220,18221,587,14,601
18221,18222,130,4,134
18222,18223,342,9,351
18223,18224,973,11,984
18224,18225,53,1,54
18225,18226,643,7,650
18226,18227,2555,37,2592
18227,18228,1121,29,1150
18228,18229,108,0,108
18229,18230,5398,68,5466
18230,18231,1155,27,1182
18231,18232,810,17,827
18232,18233,94,4,98
18233,18234,107,1,108
18234,18235,627,9,636
18235,18236,98,1,99
18236,18237,60,2,62
18237,18238,926,17,943
18238,18239,1974,252,2226
18239,18240,20648,83,20731
18240,18241,626,15,641
18241,18242,795,13,808
18242,18243,620,24,644
18243,18244,689,10,699
18244,18245,2086,24,2110
18245,18246,569,8,577
18246,18247,834,16,850
18247,18248,603,5,608
18248,18249,327,1,328
18249,18250,386,8,394
18250,18251,190,4,194
18251,18252,490,5,495
18252,18253,172,3,175
18253,18254,1111,20,1131
18254,18255,152,5,157
18255,18256,257,2,259
18256,18257,3075,136,3211
18257,18258,465,7,472
18258,18259,620,12,632
18259,18260,78,1,79
18260,18261,786,22,808
18261,18262,1474,36,1510
18262,18263,377,11,388
18263,18264,245,5,250
18264,18265,979,11,990
18265,18266,1941,42,1983
18266,18267,1252,30,1282
18267,18268,235,3,238
18268,18269,1069,20,1089
18269,18270,170,0,170
18270,18271,7499,156,7655
18271,18272,2120,113,2233
18272,18273,1177,54,1231
18273,18274,193,10,203
18274,18275,126,2,128
18275,18276,127,5,132
18276,18277,143,5,148
18277,18278,227,10,237
18278,18279,1968,60,2028
18279,18280,1387,13,1400
18280,18281,1153,22,1175
18281,18282,13378,319,13697
18282,18283,290,7,297
18283,18284,216,9,225
18284,18285,337,16,353
18285,18286,1226,23,1249
18286,18287,1287,3,1290
18287,18288,567,11,578
18288,18289,738,15,753
18289,18290,979,7,986
18290,18291,17849,135,17984
18291,18292,15,3,18
18292,18293,232,2,234
18293,18294,374,2,376
18294,18295,59,4,63
18295,18296,281,1,282
18296,18297,62,1,63
18297,18298,511,2,513
18298,18299,1605,29,1634
18299,18300,197,4,201
18300,18301,110,4,114
18301,18302,88,3,91
18302,18303,242,2,244
18303,18304,167,4,171
18304,18305,506,6,512
18305,18306,264,5,269
18306,18307,96,4,100
18307,18308,1147,16,1163
18308,18309,1185,16,1201
18309,18310,342,7,349
18310,18311,297,5,302
18311,18312,1142,33,1175
18312,18313,275,6,281
18313,18314,161,3,164
18314,18315,105,5,110
18315,18316,242,4,246
18316,18317,357,9,366
18317,18318,924,31,955
18318,18319,1219,12,1231
18319,18320,228,3,231
18320,18321,1064,24,1088
18321,18322,341,10,351
18322,18323,914,25,939
18323,18324,138,6,144
18324,18325,980,9,989
18325,18326,327,10,337
18326,18327,905,25,930
18327,18328,2656,29,2685
18328,18329,281,3,284
18329,18330,171,8,179
18330,18331,233,3,236
18331,18332,130,4,134
18332,18333,5,0,5
18333,18334,9343,132,9475
18334,18335,703,11,714
18335,18336,81,2,83
18336,18337,449,14,463
18337,18338,606,12,618
18338,18339,429,8,437
18339,18340,297,3,300
18340,18341,2126,20,2146
18341,18342,468,12,480
18342,18343,116,1,117
18343,18344,744,23,767
18344,18345,549,15,564
18345,18346,23,0,23
18346,18347,126,3,129
18347,18348,366,6,372
18348,18349,123,1,124
18349,18350,615,23,638
18350,18351,437,8,445
18351,18352,76,4,80
18352,18353,804,88,892
18353,18354,370,7,377
18354,18355,394,14,408
18355,18356,645,7,652
18356,18357,332,6,338
18357,18358,127,3,130
18358,18359,159,12,171
18359,18360,594,18,612
18360,18361,306,7,313
18361,18362,455,6,461
18362,18363,324,9,333
18363,18364,224,6,230
18364,18365,454,8,462
18365,18366,127,2,129
18366,18367,830,16,846
18367,18368,558,5,563
18368,18369,218,2,220
18369,18370,122,2,124
18370,18371,635,19,654
18371,18372,618,5,623
18372,18373,514,9,523
18373,18374,196,5,201
18374,18375,528,9,537
18375,18376,92,4,96
18376,18377,609,6,615
18377,18378,633,11,644
18378,18379,538,9,547
18379,18380,1632,19,1651
18380,18381,144,0,144
18381,18382,2521,20,2541
18382,18383,81,2,83
18383,18384,148,0,148
18384,18385,95,2,97
18385,18386,515,11,526
18386,18387,298,3,301
18387,18388,787,13,800
18388,18389,601,19,620
18389,18390,2181,39,2220
18390,18391,550,5,555
18391,18392,647,37,684
18392,18393,591,9,600
18393,18394,83,2,85
18394,18395,882,11,893
18395,18396,2004,18,2022
18396,18397,108,2,110
18397,18398,276,6,282
18398,18399,790,17,807
18399,18400,145,1,146
18400,18401,67,2,69
18401,18402,5057,184,5241
18402,18403,736,17,753
18403,18404,255,7,262
18404,18405,3703,62,3765
18405,18406,259,4,263
18406,18407,905,18,923
18407,18408,5631,77,5708
18408,18409,26,0,26
18409,18410,247,8,255
18410,18411,820,21,841
18411,18412,9973,244,10217
18412,18413,568,9,577
18413,18414,185,4,189
18414,18415,81,1,82
18415,18416,110,1,111
18416,18417,97,1,98
18417,18418,5166,93,5259
18418,18419,87,2,89
18419,18420,525,14,539
18420,18421,1313,53,1366
18421,18422,224,11,235
18422,18423,3736,63,3799
18423,18424,545,10,555
18424,18425,1046,15,1061
18425,18426,407,3,410
18426,18427,4435,105,4540
18427,18428,30,0,30
18428,18429,404,4,408
18429,18430,284,6,290
18430,18431,98,3,101
18431,18432,16,0,16
18432,18433,1428,31,1459
18433,18434,1358,13,1371
18434,18435,54,0,54
18435,18436,209,6,215
18436,18437,113,2,115
18437,18438,811,29,840
18438,18439,2329,54,2383
18439,18440,496,4,500
18440,18441,90,2,92
18441,18442,174,12,186
18442,18443,84,1,85
18443,18444,601,5,606
18444,18445,83,3,86
18445,18446,298,8,306
18446,18447,191,4,195
18447,18448,198,11,209
18448,18449,282,5,287
18449,18450,211,1,212
18450,18451,8875,425,9300
18451,18452,167,3,170
18452,18453,412,12,424
18453,18454,179,11,190
18454,18455,205,3,208
18455,18456,103,4,107
18456,18457,419,221,640
18457,18458,83,1,84
18458,18459,63,1,64
18459,18460,4643,54,4697
18460,18461,410,6,416
18461,18462,382,5,387
18462,18463,100,1,101
18463,18464,335,14,349
18464,18465,15,1,16
18465,18466,2318,45,2363
18466,18467,775,12,787
18467,18468,2290,60,2350
18468,18469,758,8,766
18469,18470,45,1,46
18470,18471,459,8,467
18471,18472,84,1,85
18472,18473,300,4,304
18473,18474,287,4,291
18474,18475,806,15,821
18475,18476,552,6,558
18476,18477,21277,138,21415
18477,18478,1154,29,1183
18478,18479,445,10,455
18479,18480,2115,37,2152
18480,18481,193,7,200
18481,18482,145,7,152
18482,18483,2033,28,2061
18483,18484,957,17,974
18484,18485,797,19,816
18485,18486,223,3,226
18486,18487,2032,37,2069
18487,18488,385,11,396
18488,18489,170,2,172
18489,18490,1039,49,1088
18490,18491,1337,33,1370
18491,18492,945,14,959
18492,18493,840,16,856
18493,18494,173,2,175
18494,18495,78,1,79
18495,18496,1085,31,1116
18496,18497,1279,18,1297
18497,18498,56,3,59
18498,18499,148,9,157
18499,18500,741,7,748
18500,18501,50,0,50
18501,18502,188,6,194
18502,18503,19357,375,19732
18503,18504,74,2,76
18504,18505,48,0,48
18505,18506,72,1,73
18506,18507,694,15,709
18507,18508,57,1,58
18508,18509,793,16,809
18509,18510,315,3,318
18510,18511,1014,20,1034
18511,18512,1667,54,1721
18512,18513,94,2,96
18513,18514,831,2,833
18514,18515,42,2,44
18515,18516,179,6,185
18516,18517,107,5,112
18517,18518,29807,1413,31220
18518,18519,192,5,197
18519,18520,102,3,105
18520,18521,157,1,158
18521,18522,97,0,97
18522,18523,401,7,408
18523,18524,184,4,188
18524,18525,413,10,423
18525,18526,95,2,97
18526,18527,302,5,307
18527,18528,183,2,185
18528,18529,3311,90,3401
18529,18530,1275,22,1297
18530,18531,119,4,123
18531,18532,1117,11,1128
18532,18533,242,6,248
18533,18534,283,9,292
18534,18535,276,3,279
18535,18536,732,27,759
18536,18537,71,1,72
18537,18538,3960,75,4035
18538,18539,80,1,81
18539,18540,114,5,119
18540,18541,200,4,204
18541,18542,417,6,423
18542,18543,137,5,142
18543,18544,410,13,423
18544,18545,631,14,645
18545,18546,271,3,274
18546,18547,2116,51,2167
18547,18548,269,4,273
18548,18549,143,3,146
18549,18550,503,8,511
18550,18551,128,3,131
18551,18552,647,12,659
18552,18553,138,1,139
18553,18554,978,26,1004
18554,18555,3118,55,3173
18555,18556,412,9,421
18556,18557,677,12,689
18557,18558,760,22,782
18558,18559,747,23,770
18559,18560,215,9,224
18560,18561,111,2,113
18561,18562,485,6,491
18562,18563,178,3,181
18563,18564,496,10,506
18564,18565,194,4,198
18565,18566,118,6,124
18566,18567,597,14,611
18567,18568,763,13,776
18568,18569,20424,634,21058
18569,18570,1302,25,1327
18570,18571,501,9,510
18571,18572,297,10,307
18572,18573,227,3,230
18573,18574,982,9,991
18574,18575,411,6,417
18575,18576,1839,46,1885
18576,18577,298,6,304
18577,18578,678,24,702
18578,18579,17,0,17
18579,18580,521,6,527
18580,18581,490,23,513
18581,18582,510,21,531
18582,18583,149,2,151
18583,18584,309,3,312
18584,18585,316,5,321
18585,18586,3467,55,3522
18586,18587,654,18,672
18587,18588,121,3,124
18588,18589,122,2,124
18589,18590,99,1,100
18590,18591,3677,61,3738
18591,18592,3230,116,3346
18592,18593,126,3,129
18593,18594,385,9,394
18594,18595,430,8,438
18595,18596,351,10,361
18596,18597,1513,32,1545
18597,18598,289,2,291
18598,18599,66,3,69
18599,18600,207,4,211
18600,18601,2323,306,2629
18601,18602,1403,37,1440
18602,18603,14976,545,15521
18603,18604,302,4,306
18604,18605,4052,47,4099
18605,18606,158,0,158
18606,18607,246,1,247
18607,18608,70,2,72
18608,18609,305,2,307
18609,18610,3576,101,3677
18610,18611,13645,166,13811
18611,18612,61372,1460,62832
18612,18613,6086,246,6332
18613,18614,503,7,510
18614,18615,214,1,215
18615,18616,119,2,121
18616,18617,1028,11,1039
18617,18618,912,15,927
18618,18619,85,2,87
18619,18620,809,28,837
18620,18621,59,0,59
18621,18622,6548,132,6680
18622,18623,118,7,125
18623,18624,710,19,729
18624,18625,266,1,267
18625,18626,1078,17,1095
18626,18627,276,4,280
18627,18628,2652,68,2720
18628,18629,285,4,289
18629,18630,556,9,565
18630,18631,100,1,101
18631,18632,4848,132,4980
18632,18633,183,3,186
18633,18634,310,4,314
18634,18635,305,5,310
18635,18636,1474,22,1496
18636,18637,43,2,45
18637,18638,1407,39,1446
18638,18639,2934,60,2994
18639,18640,4542,91,4633
18640,18641,117,3,120
18641,18642,828,15,843
18642,18643,399,12,411
18643,18644,203,5,208
18644,18645,217,5,222
18645,18646,3088,66,3154
18646,18647,3191,55,3246
18647,18648,206,3,209
18648,18649,4241,87,4328
18649,18650,662,11,673
18650,18651,1804,26,1830
18651,18652,60,2,62
18652,18653,2865,51,2916
18653,18654,278,6,284
18654,18655,330,5,335
18655,18656,177,2,179
18656,18657,5477,562,6039
18657,18658,345,12,357
18658,18659,2400,60,2460
18659,18660,174,6,180
18660,18661,404,9,413
18661,18662,736,18,754
18662,18663,328,7,335
18663,18664,543,87,630
18664,18665,58,0,58
18665,18666,22,0,22
18666,18667,299,4,303
18667,18668,810,19,829
18668,18669,15915,623,16538
18669,18670,275,11,286
18670,18671,2009,28,2037
18671,18672,1621,43,1664
18672,18673,110,1,111
18673,18674,470,11,481
18674,18675,654,21,675
18675,18676,329,1,330
18676,18677,442,9,451
18677,18678,319,5,324
18678,18679,25806,559,26365
18679,18680,113,4,117
18680,18681,319,7,326
18681,18682,1476,21,1497
18682,18683,569,17,586
18683,18684,399,5,404
18684,18685,188,5,193
18685,18686,17678,308,17986
18686,18687,1190,32,1222
18687,18688,31,1,32
18688,18689,290,7,297
18689,18690,604,12,616
18690,18691,323,1,324
18691,18692,264,16,280
18692,18693,1011,61,1072
18693,18694,1924,60,1984
18694,18695,702,16,718
18695,18696,272,4,276
18696,18697,337,9,346
18697,18698,504,9,513
18698,18699,140,4,144
18699,18700,4964,89,5053
18700,18701,32,1,33
18701,18702,297,7,304
18702,18703,581,16,597
18703,18704,115,7,122
18704,18705,222,2,224
18705,18706,1321,26,1347
18706,18707,446,5,451
18707,18708,93,2,95
18708,18709,154,5,159
18709,18710,242,13,255
18710,18711,76,5,81
18711,18712,191,3,194
18712,18713,54,0,54
18713,18714,194,1,195
18714,18715,267,5,272
18715,18716,296,3,299
18716,18717,256,5,261
18717,18718,1324,9,1333
18718,18719,55,0,55
18719,18720,1958,34,1992
18720,18721,255,1,256
18721,18722,1269,26,1295
18722,18723,189,4,193
18723,18724,1772,48,1820
18724,18725,147,7,154
18725,18726,1578,45,1623
18726,18727,195,3,198
18727,18728,239,3,242
18728,18729,87,0,87
18729,18730,78,1,79
18730,18731,549,5,554
18731,18732,623,6,629
18732,18733,441,5,446
18733,18734,632,5,637
18734,18735,735,23,758
18735,18736,2106,104,2210
18736,18737,6589,127,6716
18737,18738,425,14,439
18738,18739,263,1,264
18739,18740,1359,102,1461
18740,18741,427,6,433
18741,18742,104,5,109
18742,18743,650,31,681
18743,18744,465,12,477
18744,18745,1363,24,1387
18745,18746,3226,51,3277
18746,18747,54,2,56
18747,18748,451,5,456
18748,18749,756,15,771
18749,18750,25,0,25
18750,18751,1472,43,1515
18751,18752,120,2,122
18752,18753,409,7,416
18753,18754,132,2,134
18754,18755,3299,78,3377
18755,18756,627,15,642
18756,18757,21229,193,21422
18757,18758,503,6,509
18758,18759,1332,45,1377
18759,18760,360,10,370
18760,18761,1647,39,1686
18761,18762,1616,28,1644
18762,18763,459,7,466
18763,18764,773,12,785
18764,18765,250,10,260
18765,18766,179,2,181
18766,18767,1009,13,1022
18767,18768,3111,68,3179
18768,18769,1235,23,1258
18769,18770,572,18,590
18770,18771,158,5,163
18771,18772,14991,278,15269
18772,18773,701,11,712
18773,18774,212,6,218
18774,18775,328,2,330
18775,18776,12935,226,13161
18776,18777,500,13,513
18777,18778,493,6,499
18778,18779,139,0,139
18779,18780,802,27,829
18780,18781,1570,49,1619
18781,18782,296,7,303
18782,18783,1149,24,1173
18783,18784,27928,130,28058
18784,18785,106,3,109
18785,18786,228,1,229
18786,18787,602,10,612
18787,18788,156,5,161
18788,18789,28,0,28
18789,18790,2180,42,2222
18790,18791,1833,23,1856
18791,18792,186,4,190
18792,18793,534,13,547
18793,18794,3960,162,4122
18794,18795,124,4,128
18795,18796,95,2,97
18796,18797,166,9,175
18797,18798,252,8,260
18798,18799,115,4,119
18799,18800,322,3,325
18800,18801,1183,30,1213
18801,18802,2935,78,3013
18802,18803,2931,48,2979
18803,18804,1420,26,1446
18804,18805,90,3,93
18805,18806,6726,173,6899
18806,18807,777,12,789
18807,18808,127,2,129
18808,18809,3163,52,3215
18809,18810,75,1,76
18810,18811,221,9,230
18811,18812,145,4,149
18812,18813,711,9,720
18813,18814,104,3,107
18814,18815,82,2,84
18815,18816,457,6,463
18816,18817,125,0,125
18817,18818,79,0,79
18818,18819,178,2,180
18819,18820,507,8,515
18820,18821,151,3,154
18821,18822,454,14,468
18822,18823,3515,62,3577
18823,18824,23760,293,24053
18824,18825,347,3,350
18825,18826,472,9,481
18826,18827,325,2,327
18827,18828,280,8,288
18828,18829,235,5,240
18829,18830,119,1,120
18830,18831,2530,59,2589
18831,18832,1570,36,1606
18832,18833,195,6,201
18833,18834,69,4,73
18834,18835,46,0,46
18835,18836,112,1,113
18836,18837,45,0,45
18837,18838,31,1,32
18838,18839,48,6,54
18839,18840,388,11,399
18840,18841,1565,19,1584
18841,18842,743,7,750
18842,18843,174,2,176
18843,18844,99,5,104
18844,18845,250,8,258
18845,18846,38,0,38
18846,18847,166,4,170
18847,18848,348,5,353
18848,18849,151,6,157
18849,18850,68,2,70
18850,18851,2237,84,2321
18851,18852,156,0,156
18852,18853,668,23,691
18853,18854,526,11,537
18854,18855,641,8,649
18855,18856,665,5,670
18856,18857,385,10,395
18857,18858,367,3,370
18858,18859,2856,60,2916
18859,18860,799,21,820
18860,18861,959,15,974
18861,18862,691,20,711
18862,18863,151,2,153
18863,18864,159,9,168
18864,18865,909,18,927
18865,18866,1753,10,1763
18866,18867,1972,42,2014
18867,18868,224,6,230
18868,18869,1673,167,1840
18869,18870,412,13,425
18870,18871,373,4,377
18871,18872,79,1,80
18872,18873,144,2,146
18873,18874,717,9,726
18874,18875,2753,55,2808
18875,18876,148,0,148
18876,18877,291,4,295
18877,18878,139,0,139
18878,18879,578,9,587
18879,18880,1271,17,1288
18880,18881,1427,15,1442
18881,18882,704,15,719
18882,18883,296,6,302
18883,18884,386,7,393
18884,18885,85,5,90
18885,18886,634,23,657
18886,18887,111,6,117
18887,18888,295,4,299
18888,18889,557,9,566
18889,18890,10180,54,10234
18890,18891,281,1,282
18891,18892,4793,40,4833
18892,18893,270,5,275
18893,18894,583,20,603
18894,18895,32282,459,32741
18895,18896,599,12,611
18896,18897,138,2,140
18897,18898,305,6,311
18898,18899,96,1,97
18899,18900,253,9,262
18900,18901,238,8,246
18901,18902,138,4,142
18902,18903,55,6,61
18903,18904,21528,110,21638
18904,18905,21879,357,22236
18905,18906,74,0,74
18906,18907,645,15,660
18907,18908,67,1,68
18908,18909,147,5,152
18909,18910,253,4,257
18910,18911,252,7,259
18911,18912,153,2,155
18912,18913,473,8,481
18913,18914,299,5,304
18914,18915,2660,75,2735
18915,18916,81,2,83
18916,18917,255,5,260
18917,18918,510,8,518
18918,18919,207,8,215
18919,18920,206,2,208
18920,18921,1322,53,1375
18921,18922,440,3,443
18922,18923,1215,30,1245
18923,18924,577,11,588
18924,18925,262,7,269
18925,18926,505,8,513
18926,18927,720,19,739
18927,18928,869,13,882
18928,18929,557,14,571
18929,18930,249,9,258
18930,18931,139,5,144
18931,18932,145,3,148
18932,18933,26,0,26
18933,18934,15470,235,15705
18934,18935,403,7,410
18935,18936,82,1,83
18936,18937,421,7,428
18937,18938,481,11,492
18938,18939,206,0,206
18939,18940,242,4,246
18940,18941,166,1,167
18941,18942,234,4,238
18942,18943,1034,21,1055
18943,18944,24,1,25
18944,18945,1304,26,1330
18945,18946,332,11,343
18946,18947,281,6,287
18947,18948,59,1,60
18948,18949,119,1,120
18949,18950,241,7,248
18950,18951,252,2,254
18951,18952,1769,36,1805
18952,18953,143,5,148
18953,18954,203,2,205
18954,18955,120,6,126
18955,18956,192,1,193
18956,18957,2129,71,2200
18957,18958,108,2,110
18958,18959,303,3,306
18959,18960,7681,223,7904
18960,18961,242,3,245
18961,18962,1229,10,1239
18962,18963,2937,75,3012
18963,18964,301,6,307
18964,18965,1326,35,1361
18965,18966,199,11,210
18966,18967,109,2,111
18967,18968,10868,149,11017
18968,18969,186,4,190
18969,18970,6886,83,6969
18970,18971,34361,1070,35431
18971,18972,257,2,259
18972,18973,1126,26,1152
18973,18974,14523,65,14588
18974,18975,91,2,93
18975,18976,1346,29,1375
18976,18977,243,5,248
18977,18978,1524,21,1545
18978,18979,32,1,33
18979,18980,264,4,268
18980,18981,60,2,62
18981,18982,1374,35,1409
18982,18983,529,14,543
18983,18984,85,0,85
18984,18985,201,4,205
18985,18986,82,1,83
18986,18987,371,7,378
18987,18988,516,7,523
18988,18989,3772,87,3859
18989,18990,519,7,526
18990,18991,533,3,536
18991,18992,2942,101,3043
18992,18993,374,9,383
18993,18994,696,18,714
18994,18995,458,5,463
18995,18996,171,2,173
18996,18997,195,5,200
18997,18998,2564,100,2664
18998,18999,21723,252,21975
18999,19000,141,1,142
19000,19001,5940,459,6399
19001,19002,720,23,743
19002,19003,3082,331,3413
19003,19004,183,3,186
19004,19005,613,11,624
19005,19006,37,1,38
19006,19007,74,3,77
19007,19008,135,1,136
19008,19009,2052,85,2137
19009,19010,4102,71,4173
19010,19011,714,18,732
19011,19012,338,8,346
19012,19013,88,0,88
19013,19014,7180,79,7259
19014,19015,3721,196,3917
19015,19016,2732,18,2750
19016,19017,1937,36,1973
19017,19018,630,9,639
19018,19019,836,14,850
19019,19020,236,2,238
19020,19021,82,2,84
19021,19022,219,1,220
19022,19023,309,8,317
19023,19024,194,5,199
19024,19025,120,1,121
19025,19026,213,5,218
19026,19027,163,4,167
19027,19028,214,6,220
19028,19029,1641,50,1691
19029,19030,129,0,129
19030,19031,254,7,261
19031,19032,295542,3391,298933
19032,19033,690,8,698
19033,19034,465,9,474
19034,19035,899,41,940
19035,19036,1360,24,1384
19036,19037,1367,22,1389
19037,19038,1590,41,1631
19038,19039,739,23,762
19039,19040,519,9,528
19040,19041,190,4,194
19041,19042,387,12,399
19042,19043,143,18,161
19043,19044,5704,69,5773
19044,19045,1100,20,1120
19045,19046,328,9,337
19046,19047,846,9,855
19047,19048,239,4,243
19048,19049,92,2,94
19049,19050,4111,78,4189
19050,19051,1016,20,1036
19051,19052,373,10,383
19052,19053,301,5,306
19053,19054,1987,42,2029
19054,19055,1485,15,1500
19055,19056,586,10,596
19056,19057,840,11,851
19057,19058,1214,20,1234
19058,19059,779,16,795
19059,19060,814,23,837
19060,19061,3726,250,3976
19061,19062,7632,150,7782
19062,19063,374,7,381
19063,19064,131,4,135
19064,19065,1364,14,1378
19065,19066,232,5,237
19066,19067,64,0,64
19067,19068,500,8,508
19068,19069,776,11,787
19069,19070,843,10,853
19070,19071,63,0,63
19071,19072,304,1,305
19072,19073,1972,44,2016
19073,19074,304,5,309
19074,19075,1006,32,1038
19075,19076,291,5,296
19076,19077,147,3,150
19077,19078,477,17,494
19078,19079,406,10,416
19079,19080,2390,35,2425
19080,19081,590,6,596
19081,19082,334,7,341
19082,19083,775,10,785
19083,19084,59,0,59
19084,19085,245,2,247
19085,19086,259,7,266
19086,19087,55,2,57
19087,19088,1175,21,1196
19088,19089,378,8,386
19089,19090,908,7,915
19090,19091,15668,317,15985
19091,19092,84,1,85
19092,19093,2576,42,2618
19093,19094,3719,50,3769
19094,19095,475,11,486
19095,19096,1186,27,1213
19096,19097,637,13,650
19097,19098,939,24,963
19098,19099,1193,71,1264
19099,19100,268,2,270
19100,19101,321,2,323
19101,19102,445,9,454
19102,19103,84,1,85
19103,19104,566,14,580
19104,19105,5342,79,5421
19105,19106,35,0,35
19106,19107,1378,77,1455
19107,19108,271,26,297
19108,19109,48352,235,48587
19109,19110,153,3,156
19110,19111,911,13,924
19111,19112,1693,49,1742
19112,19113,3705,31,3736
19113,19114,1900,173,2073
19114,19115,3456,71,3527
19115,19116,24,0,24
19116,19117,224,1,225
19117,19118,2751,33,2784
19118,19119,322,4,326
19119,19120,3761,58,3819
19120,19121,178,1,179
19121,19122,1291,21,1312
19122,19123,408,5,413
19123,19124,61,0,61
19124,19125,909,7,916
19125,19126,883,14,897
19126,19127,144,1,145
19127,19128,815,12,827
19128,19129,327,8,335
19129,19130,73,0,73
19130,19131,513,3,516
19131,19132,453,31,484
19132,19133,81,0,81
19133,19134,654,9,663
19134,19135,81,7,88
19135,19136,1412,20,1432
19136,19137,103,1,104
19137,19138,972,16,988
19138,19139,2957,19,2976
19139,19140,431,6,437
19140,19141,3633,35,3668
19141,19142,574,11,585
19142,19143,407,4,411
19143,19144,117,2,119
19144,19145,1348,27,1375
19145,19146,614,12,626
19146,19147,82,0,82
19147,19148,3162,62,3224
19148,19149,203,1,204
19149,19150,152,4,156
19150,19151,128,0,128
19151,19152,56,1,57
19152,19153,3364,50,3414
19153,19154,6038,245,6283
19154,19155,237,3,240
19155,19156,287,11,298
19156,19157,709,10,719
19157,19158,1200,30,1230
19158,19159,1393,30,1423
19159,19160,238,7,245
19160,19161,115,6,121
19161,19162,715,24,739
19162,19163,4563,51,4614
19163,19164,155,1,156
19164,19165,549,7,556
19165,19166,137,2,139
19166,19167,284,7,291
19167,19168,143,1,144
19168,19169,423,15,438
19169,19170,335,9,344
19170,19171,63,1,64
19171,19172,78,1,79
19172,19173,4271,118,4389
19173,19174,39818,1234,41052
19174,19175,1796,140,1936
19175,19176,137,9,146
19176,19177,47,0,47
19177,19178,600,7,607
19178,19179,13517,111,13628
19179,19180,214,8,222
19180,19181,78,1,79
19181,19182,230,3,233
19182,19183,88,0,88
19183,19184,541,10,551
19184,19185,253,3,256
19185,19186,4125,79,4204
19186,19187,284,10,294
19187,19188,804,20,824
19188,19189,1640,20,1660
19189,19190,409,6,415
19190,19191,145,5,150
19191,19192,517,7,524
19192,19193,17,2,19
19193,19194,369,7,376
19194,19195,3023,82,3105
19195,19196,1899,41,1940
19196,19197,131,2,133
19197,19198,1995,46,2041
19198,19199,343,6,349
19199,19200,13424,78,13502
19200,19201,416,16,432
19201,19202,3666,56,3722
19202,19203,105,1,106
19203,19204,525,18,543
19204,19205,681,15,696
19205,19206,2524,41,2565
19206,19207,2263,82,2345
19207,19208,4987,132,5119
19208,19209,347,4,351
19209,19210,209,5,214
19210,19211,327,3,330
19211,19212,7338,141,7479
19212,19213,413,5,418
19213,19214,197,5,202
19214,19215,30,0,30
19215,19216,4526,99,4625
19216,19217,12223,333,12556
19217,19218,391,5,396
19218,19219,3986,28,4014
19219,19220,192,4,196
19220,19221,664,11,675
19221,19222,1086,25,1111
19222,19223,173,8,181
19223,19224,108,3,111
19224,19225,669,12,681
19225,19226,99,3,102
19226,19227,1076,20,1096
19227,19228,3408,84,3492
19228,19229,380,10,390
19229,19230,188,25,213
19230,19231,1088,13,1101
19231,19232,223,4,227
19232,19233,237,1,238
19233,19234,72,1,73
19234,19235,4346,106,4452
19235,19236,676,13,689
19236,19237,557,12,569
19237,19238,27,1,28
19238,19239,497,9,506
19239,19240,420,8,428
19240,19241,92,1,93
19241,19242,549,8,557
19242,19243,101,4,105
19243,19244,8786,130,8916
19244,19245,332,3,335
19245,19246,14845,457,15302
19246,19247,367,2,369
19247,19248,613,16,629
19248,19249,4356,260,4616
19249,19250,52,1,53
19250,19251,206,2,208
19251,19252,561,24,585
19252,19253,542,11,553
19253,19254,5014,36,5050
19254,19255,132,2,134
19255,19256,1864,49,1913
19256,19257,120,2,122
19257,19258,2151,50,2201
19258,19259,855,12,867
19259,19260,413,80,493
19260,19261,75,0,75
19261,19262,6144,172,6316
19262,19263,2438,47,2485
19263,19264,136,0,136
19264,19265,175,4,179
19265,19266,430,9,439
19266,19267,16495,197,16692
19267,19268,579,23,602
19268,19269,436,9,445
19269,19270,981,10,991
19270,19271,1342,62,1404
19271,19272,458,9,467
19272,19273,136,3,139
19273,19274,105,0,105
19274,19275,20124,165,20289
19275,19276,550,27,577
19276,19277,2684,29,2713
19277,19278,684,12,696
19278,19279,576,13,589
19279,19280,3692,76,3768
19280,19281,109,2,111
19281,19282,171,2,173
19282,19283,3775,296,4071
19283,19284,1595,7,1602
19284,19285,916,20,936
19285,19286,6059,168,6227
19286,19287,2929,265,3194
19287,19288,1431,22,1453
19288,19289,6853,336,7189
19289,19290,626,10,636
19290,19291,868,29,897
19291,19292,987,20,1007
19292,19293,119,1,120
19293,19294,223,6,229
19294,19295,145,3,148
19295,19296,763,24,787
19296,19297,175,1,176
19297,19298,348,5,353
19298,19299,277,9,286
19299,19300,1153,27,1180
19300,19301,91,0,91
19301,19302,1076,22,1098
19302,19303,276,12,288
19303,19304,167,5,172
19304,19305,124,2,126
19305,19306,316,5,321
19306,19307,117,1,118
19307,19308,151,0,151
19308,19309,490,4,494
19309,19310,398,5,403
19310,19311,140,4,144
19311,19312,307,3,310
19312,19313,76,2,78
19313,19314,2717,74,2791
19314,19315,3733,94,3827
19315,19316,1083,27,1110
19316,19317,352,7,359
19317,19318,297,3,300
19318,19319,476,5,481
19319,19320,1004,17,1021
19320,19321,472,7,479
19321,19322,806,13,819
19322,19323,318,7,325
19323,19324,69,0,69
19324,19325,317,5,322
19325,19326,95,2,97
19326,19327,1955,21,1976
19327,19328,701,15,716
19328,19329,159,3,162
19329,19330,765,11,776
19330,19331,768,13,781
19331,19332,435,7,442
19332,19333,74,2,76
19333,19334,372,7,379
19334,19335,9887,282,10169
19335,19336,99,2,101
19336,19337,1718,19,1737
19337,19338,2922,46,2968
19338,19339,397,13,410
19339,19340,1070,313,1383
19340,19341,1408,16,1424
19341,19342,82,0,82
19342,19343,74,2,76
19343,19344,98,3,101
19344,19345,1626,22,1648
19345,19346,760,17,777
19346,19347,127,2,129
19347,19348,164,7,171
19348,19349,95,1,96
19349,19350,80,8,88
19350,19351,19982,439,20421
19351,19352,5294,148,5442
19352,19353,216,6,222
19353,19354,402,12,414
19354,19355,60,0,60
19355,19356,93,1,94
19356,19357,31,1,32
19357,19358,1806,92,1898
19358,19359,4971,123,5094
19359,19360,110,1,111
19360,19361,127,0,127
19361,19362,262,5,267
19362,19363,990,17,1007
19363,19364,211,3,214
19364,19365,1139,15,1154
19365,19366,139,2,141
19366,19367,731,8,739
19367,19368,1032,15,1047
19368,19369,820,23,843
19369,19370,316,3,319
19370,19371,942,13,955
19371,19372,196,5,201
19372,19373,928,17,945
19373,19374,285,5,290
19374,19375,199,4,203
19375,19376,19246,542,19788
19376,19377,1445,24,1469
19377,19378,178,3,181
19378,19379,1116,27,1143
19379,19380,104,1,105
19380,19381,732,10,742
19381,19382,699,13,712
19382,19383,5007,61,5068
19383,19384,295,6,301
19384,19385,314,11,325
19385,19386,293,2,295
19386,19387,770,15,785
19387,19388,847,19,866
19388,19389,757,12,769
19389,19390,1877,34,1911
19390,19391,367,12,379
19391,19392,1131,29,1160
19392,19393,1006,19,1025
19393,19394,93,1,94
19394,19395,3273,45,3318
19395,19396,866,26,892
19396,19397,212,7,219
19397,19398,665,4,669
19398,19399,44,0,44
19399,19400,831,22,853
19400,19401,185,4,189
19401,19402,385,8,393
19402,19403,6122,180,6302
19403,19404,545,15,560
19404,19405,378,6,384
19405,19406,243,5,248
19406,19407,516,12,528
19407,19408,3410,49,3459
19408,19409,5150,49,5199
19409,19410,813,8,821
19410,19411,87,9,96
19411,19412,69,5,74
19412,19413,97,1,98
19413,19414,5654,58,5712
19414,19415,1629,9,1638
19415,19416,3229,56,3285
19416,19417,78,4,82
19417,19418,167,5,172
19418,19419,75,3,78
19419,19420,205,5,210
19420,19421,270,3,273
19421,19422,1523,12,1535
19422,19423,267,7,274
19423,19424,2030,48,2078
19424,19425,640,13,653
19425,19426,672,4,676
19426,19427,679,9,688
19427,19428,566,5,571
19428,19429,101,3,104
19429,19430,1005,30,1035
19430,19431,783,10,793
19431,19432,118,1,119
19432,19433,3160,27,3187
19433,19434,1477,5,1482
19434,19435,343,9,352
19435,19436,129,3,132
19436,19437,674,10,684
19437,19438,321,5,326
19438,19439,445,77,522
19439,19440,58,2,60
19440,19441,720,15,735
19441,19442,1733,37,1770
19442,19443,649,15,664
19443,19444,302,6,308
19444,19445,661,12,673
19445,19446,162,4,166
19446,19447,1047,36,1083
19447,19448,341,5,346
19448,19449,418,7,425
19449,19450,2397,73,2470
19450,19451,106,3,109
19451,19452,542,6,548
19452,19453,419,9,428
19453,19454,169,1,170
19454,19455,919,16,935
19455,19456,261,5,266
19456,19457,383,8,391
19457,19458,280,4,284
19458,19459,2212,34,2246
19459,19460,761,12,773
19460,19461,223,0,223
19461,19462,129,0,129
19462,19463,117,0,117
19463,19464,74,2,76
19464,19465,312,2,314
19465,19466,13121,177,13298
19466,19467,701,8,709
19467,19468,529,4,533
19468,19469,2241,54,2295
19469,19470,5237,74,5311
19470,19471,359,4,363
19471,19472,667,29,696
19472,19473,1911,25,1936
19473,19474,126,2,128
19474,19475,1194,27,1221
19475,19476,236,1,237
19476,19477,534,9,543
19477,19478,2865,54,2919
19478,19479,2226,40,2266
19479,19480,1353,31,1384
19480,19481,41,3,44
19481,19482,983,37,1020
19482,19483,227,5,232
19483,19484,539,6,545
19484,19485,321,0,321
19485,19486,183,1,184
19486,19487,3089,64,3153
19487,19488,719,11,730
19488,19489,345,4,349
19489,19490,7506,65,7571
19490,19491,451,8,459
19491,19492,1451,35,1486
19492,19493,1080,28,1108
19493,19494,696,7,703
19494,19495,3876,66,3942
19495,19496,2013,45,2058
19496,19497,6742,133,6875
19497,19498,444,10,454
19498,19499,585,4,589
19499,19500,65,0,65
19500,19501,3496,458,3954
19501,19502,986,18,1004
19502,19503,127,3,130
19503,19504,2753,29,2782
19504,19505,885,7,892
19505,19506,926,13,939
19506,19507,1057,19,1076
19507,19508,1343,103,1446
19508,19509,643,54,697
19509,19510,782,14,796
19510,19511,1235,30,1265
19511,19512,147,2,149
19512,19513,876,22,898
19513,19514,851,12,863
19514,19515,582,4,586
19515,19516,2119,65,2184
19516,19517,109,1,110
19517,19518,211,5,216
19518,19519,463,5,468
19519,19520,108312,1219,109531
19520,19521,5225,63,5288
19521,19522,527,14,541
19522,19523,89,3,92
19523,19524,802,9,811
19524,19525,1561,28,1589
19525,19526,727,7,734
19526,19527,4749,62,4811
19527,19528,707,8,715
19528,19529,489,10,499
19529,19530,239,0,239
19530,19531,1286,34,1320
19531,19532,464,12,476
19532,19533,701,14,715
19533,19534,1518,17,1535
19534,19535,3435,76,3511
19535,19536,34,1,35
19536,19537,210,4,214
19537,19538,1845,99,1944
19538,19539,483,17,500
19539,19540,862,12,874
19540,19541,577,7,584
19541,19542,163,3,166
19542,19543,159,5,164
19543,19544,473,8,481
19544,19545,24797,564,25361
19545,19546,111,8,119
19546,19547,363,16,379
19547,19548,862,11,873
19548,19549,399,7,406
19549,19550,324,10,334
19550,19551,69,1,70
19551,19552,253,3,256
19552,19553,580,10,590
19553,19554,115,1,116
19554,19555,1349,16,1365
19555,19556,418,6,424
19556,19557,246,3,249
19557,19558,186,7,193
19558,19559,142,4,146
19559,19560,3105,54,3159
19560,19561,1863,30,1893
19561,19562,251,6,257
19562,19563,100,3,103
19563,19564,1431,19,1450
19564,19565,48,1,49
19565,19566,236,3,239
19566,19567,81,0,81
19567,19568,420,8,428
19568,19569,381,6,387
19569,19570,2762,50,2812
19570,19571,1169,34,1203
19571,19572,87,1,88
19572,19573,343,8,351
19573,19574,1017,15,1032
19574,19575,173,8,181
19575,19576,189,5,194
19576,19577,470,2,472
19577,19578,2136,28,2164
19578,19579,477,9,486
19579,19580,6063,53,6116
19580,19581,136,4,140
19581,19582,5066,126,5192
19582,19583,772,18,790
19583,19584,1289,34,1323
19584,19585,518,6,524
19585,19586,183,4,187
19586,19587,121,4,125
19587,19588,33908,755,34663
19588,19589,783,15,798
19589,19590,750,19,769
19590,19591,12307,166,12473
19591,19592,121,2,123
19592,19593,164,2,166
19593,19594,530,6,536
19594,19595,1259,22,1281
19595,19596,646,13,659
19596,19597,1139,24,1163
19597,19598,223,2,225
19598,19599,207,3,210
19599,19600,1346,45,1391
19600,19601,153,5,158
19601,19602,155,5,160
19602,19603,2992,72,3064
19603,19604,275,12,287
19604,19605,74,0,74
19605,19606,1819,48,1867
19606,19607,235,1,236
19607,19608,1820,47,1867
19608,19609,149,3,152
19609,19610,590,25,615
19610,19611,836,11,847
19611,19612,588,6,594
19612,19613,279,4,283
19613,19614,322,6,328
19614,19615,243,3,246
19615,19616,119,2,121
19616,19617,716,14,730
19617,19618,1195,35,1230
19618,19619,62,0,62
19619,19620,922,14,936
19620,19621,137,3,140
19621,19622,772,17,789
19622,19623,88,1,89
19623,19624,90,2,92
19624,19625,78,0,78
19625,19626,237,2,239
19626,19627,157,5,162
19627,19628,67,0,67
19628,19629,1002,17,1019
19629,19630,168,2,170
19630,19631,212,1,213
19631,19632,303,7,310
19632,19633,1850,15,1865
19633,19634,467,9,476
19634,19635,86,1,87
19635,19636,1423,40,1463
19636,19637,409,10,419
19637,19638,861,23,884
19638,19639,905,28,933
19639,19640,113,5,118
19640,19641,207,7,214
19641,19642,54,1,55
19642,19643,165,4,169
19643,19644,205,3,208
19644,19645,110,5,115
19645,19646,484,8,492
19646,19647,133,2,135
19647,19648,52,3,55
19648,19649,41,0,41
19649,19650,131,6,137
19650,19651,147,1,148
19651,19652,167,3,170
19652,19653,337,8,345
19653,19654,294,11,305
19654,19655,252,9,261
19655,19656,1737,42,1779
19656,19657,130,1,131
19657,19658,228,1,229
19658,19659,1532,36,1568
19659,19660,420,16,436
19660,19661,1623,24,1647
19661,19662,316,13,329
19662,19663,204,3,207
19663,19664,118,1,119
19664,19665,105,1,106
19665,19666,378,3,381
19666,19667,329,8,337
19667,19668,2226,20,2246
19668,19669,231,5,236
19669,19670,1110,15,1125
19670,19671,104,0,104
19671,19672,2606,62,2668
19672,19673,69,0,69
19673,19674,168,4,172
19674,19675,490,6,496
19675,19676,86,3,89
19676,19677,154,5,159
19677,19678,442,10,452
19678,19679,32,0,32
19679,19680,394,7,401
19680,19681,102,0,102
19681,19682,607,4,611
19682,19683,5168,53,5221
19683,19684,44,3,47
19684,19685,843,14,857
19685,19686,350,4,354
19686,19687,135,2,137
19687,19688,3199,136,3335
19688,19689,540,13,553
19689,19690,114,1,115
19690,19691,243,5,248
19691,19692,234,4,238
19692,19693,693,13,706
19693,19694,2189,37,2226
19694,19695,220,6,226
19695,19696,179,3,182
19696,19697,282,9,291
19697,19698,625,8,633
19698,19699,7,0,7
19699,19700,214,6,220
19700,19701,14452,182,14634
19701,19702,2013,42,2055
19702,19703,1080,7,1087
19703,19704,66,1,67
19704,19705,631,5,636
19705,19706,694,15,709
19706,19707,673,58,731
19707,19708,9865,97,9962
19708,19709,1511,49,1560
19709,19710,575,13,588
19710,19711,201,3,204
19711,19712,9,0,9
19712,19713,98,3,101
19713,19714,193,4,197
19714,19715,1289,19,1308
19715,19716,231,6,237
19716,19717,4749,80,4829
19717,19718,161,1,162
19718,19719,780,27,807
19719,19720,1339,36,1375
19720,19721,273,8,281
19721,19722,2307,37,2344
19722,19723,442,8,450
19723,19724,117,3,120
19724,19725,614,18,632
19725,19726,235,7,242
19726,19727,635,13,648
19727,19728,639,11,650
19728,19729,509,12,521
19729,19730,1874,28,1902
19730,19731,184,3,187
19731,19732,97,3,100
19732,19733,9586,113,9699
19733,19734,99,0,99
19734,19735,523,8,531
19735,19736,1469,26,1495
19736,19737,1308,24,1332
19737,19738,990,20,1010
19738,19739,1061,27,1088
19739,19740,262,5,267
19740,19741,559,7,566
19741,19742,603,19,622
19742,19743,815,20,835
19743,19744,689,5,694
19744,19745,1799,19,1818
19745,19746,513,10,523
19746,19747,732,6,738
19747,19748,3683,40,3723
19748,19749,828,11,839
19749,19750,527,3,530
19750,19751,2296,35,2331
19751,19752,150,4,154
19752,19753,2217,36,2253
19753,19754,90,2,92
19754,19755,881,24,905
19755,19756,5660,101,5761
19756,19757,519,12,531
19757,19758,314,14,328
19758,19759,481,3,484
19759,19760,94,1,95
19760,19761,99,0,99
19761,19762,369,10,379
19762,19763,223,7,230
19763,19764,187,4,191
19764,19765,384,4,388
19765,19766,163,8,171
19766,19767,150,3,153
19767,19768,68,1,69
19768,19769,326,8,334
19769,19770,338,4,342
19770,19771,1921,51,1972
19771,19772,76,1,77
19772,19773,308,2,310
19773,19774,630,16,646
19774,19775,3928,64,3992
19775,19776,1336,36,1372
19776,19777,5941,119,6060
19777,19778,503,11,514
19778,19779,804,20,824
19779,19780,803,21,824
19780,19781,144,9,153
19781,19782,225,2,227
19782,19783,699,22,721
19783,19784,2310,47,2357
19784,19785,122,4,126
19785,19786,584,7,591
19786,19787,317,3,320
19787,19788,113,5,118
19788,19789,250,3,253
19789,19790,1002,15,1017
19790,19791,103,1,104
19791,19792,290,8,298
19792,19793,182,3,185
19793,19794,525,11,536
19794,19795,509,11,520
19795,19796,805,22,827
19796,19797,207,4,211
19797,19798,798,12,810
19798,19799,1259,29,1288
19799,19800,576,17,593
19800,19801,46,2,48
19801,19802,105058,1446,106504
19802,19803,465,15,480
19803,19804,546,315,861
19804,19805,6235,71,6306
19805,19806,8867,86,8953
19806,19807,1604,34,1638
19807,19808,114,3,117
19808,19809,94,4,98
19809,19810,4835,85,4920
19810,19811,166,4,170
19811,19812,998,18,1016
19812,19813,83,5,88
19813,19814,75,1,76
19814,19815,429,8,437
19815,19816,686,3,689
19816,19817,96277,640,96917
19817,19818,318808,5167,323975
19818,19819,464,19,483
19819,19820,1704,31,1735
19820,19821,231,3,234
19821,19822,70,0,70
19822,19823,1382,17,1399
19823,19824,293,7,300
19824,19825,202,1,203
19825,19826,4201,61,4262
19826,19827,6225,74,6299
19827,19828,145,4,149
19828,19829,429,6,435
19829,19830,974,23,997
19830,19831,237,2,239
19831,19832,1614,25,1639
19832,19833,64,1,65
19833,19834,463,10,473
19834,19835,324,12,336
19835,19836,86,4,90
19836,19837,631,12,643
19837,19838,286,1,287
19838,19839,166,5,171
19839,19840,3454,135,3589
19840,19841,820,29,849
19841,19842,74,4,78
19842,19843,373,12,385
19843,19844,1078,10,1088
19844,19845,72,4,76
19845,19846,55516,1184,56700
19846,19847,116,1,117
19847,19848,762,12,774
19848,19849,237,5,242
19849,19850,1480,38,1518
19850,19851,68,0,68
19851,19852,112,2,114
19852,19853,3230,74,3304
19853,19854,557,32,589
19854,19855,2406,46,2452
19855,19856,325,13,338
19856,19857,187,4,191
19857,19858,126,4,130
19858,19859,531,8,539
19859,19860,2007,146,2153
19860,19861,2113,58,2171
19861,19862,1083,23,1106
19862,19863,605,6,611
19863,19864,702,8,710
19864,19865,370,8,378
19865,19866,369,18,387
19866,19867,265,5,270
19867,19868,10,2,12
19868,19869,584,19,603
19869,19870,305,8,313
19870,19871,1522,33,1555
19871,19872,1052,23,1075
19872,19873,2404,59,2463
19873,19874,1623,50,1673
19874,19875,125,2,127
19875,19876,410,9,419
19876,19877,661,21,682
19877,19878,691,23,714
19878,19879,3265,236,3501
19879,19880,780,39,819
19880,19881,3508,56,3564
19881,19882,778,4,782
19882,19883,420,8,428
19883,19884,1318,7,1325
19884,19885,212,1,213
19885,19886,136,3,139
19886,19887,3385,54,3439
19887,19888,916,19,935
19888,19889,823,15,838
19889,19890,481,12,493
19890,19891,456,4,460
19891,19892,668,14,682
19892,19893,763,15,778
19893,19894,1039,25,1064
19894,19895,263,9,272
19895,19896,13088,123,13211
19896,19897,203,2,205
19897,19898,90,1,91
19898,19899,265,4,269
19899,19900,1047,21,1068
19900,19901,378,7,385
19901,19902,710,13,723
19902,19903,2348,54,2402
19903,19904,1007,23,1030
19904,19905,747,4,751
19905,19906,858,18,876
19906,19907,62,1,63
19907,19908,2314,30,2344
19908,19909,349,5,354
19909,19910,513,8,521
19910,19911,76,3,79
19911,19912,156,1,157
19912,19913,98,1,99
19913,19914,143,3,146
19914,19915,1029,8,1037
19915,19916,1227,36,1263
19916,19917,1803,31,1834
19917,19918,82,2,84
19918,19919,2912,45,2957
19919,19920,355,7,362
19920,19921,635,14,649
19921,19922,108,2,110
19922,19923,153,2,155
19923,19924,244,3,247
19924,19925,541,5,546
19925,19926,671,17,688
19926,19927,178,4,182
19927,19928,1263,19,1282
19928,19929,1963,16,1979
19929,19930,667,22,689
19930,19931,1309,5,1314
19931,19932,296,7,303
19932,19933,400,5,405
19933,19934,2590,52,2642
19934,19935,388,6,394
19935,19936,6636,284,6920
19936,19937,3745,72,3817
19937,19938,4678,209,4887
19938,19939,1034,12,1046
19939,19940,421,6,427
19940,19941,145,4,149
19941,19942,105,2,107
19942,19943,1357,30,1387
19943,19944,82,2,84
19944,19945,800,23,823
19945,19946,74,2,76
19946,19947,227,8,235
19947,19948,1006,15,1021
19948,19949,180,3,183
19949,19950,359,7,366
19950,19951,43,0,43
19951,19952,1185,11,1196
19952,19953,36,0,36
19953,19954,280,4,284
19954,19955,795,17,812
19955,19956,365,3,368
19956,19957,439,5,444
19957,19958,97,4,101
19958,19959,302,5,307
19959,19960,657,16,673
19960,19961,183,0,183
19961,19962,3036,34,3070
19962,19963,20878,129,21007
19963,19964,2066,34,2100
19964,19965,221,3,224
19965,19966,219,2,221
19966,19967,255,1,256
19967,19968,3970,44,4014
19968,19969,220,4,224
19969,19970,321,12,333
19970,19971,580,19,599
19971,19972,301,6,307
19972,19973,289,9,298
19973,19974,100,0,100
19974,19975,1453,32,1485
19975,19976,345,8,353
19976,19977,1645,28,1673
19977,19978,35907,121,36028
19978,19979,59599,985,60584
19979,19980,307,9,316
19980,19981,991,10,1001
19981,19982,2098,37,2135
19982,19983,794,7,801
19983,19984,27,0,27
19984,19985,1372,18,1390
19985,19986,153,2,155
19986,19987,1390,49,1439
19987,19988,1242,17,1259
19988,19989,330,12,342
19989,19990,187,0,187
19990,19991,176,4,180
19991,19992,341,10,351
19992,19993,1804,30,1834
19993,19994,1450,12,1462
19994,19995,616,14,630
19995,19996,623,10,633
19996,19997,3122,95,3217
19997,19998,417,4,421
19998,19999,68,0,68
19999,20000,224,3,227
20000,20001,6633,55,6688
20001,20002,3611,67,3678
20002,20003,923,17,940
20003,20004,466,5,471
20004,20005,312,6,318
20005,20006,595,14,609
20006,20007,379,7,386
20007,20008,490,14,504
20008,20009,168,1,169
20009,20010,507,7,514
20010,20011,168,4,172
20011,20012,571,6,577
20012,20013,846,25,871
20013,20014,3782,40,3822
20014,20015,1571,37,1608
20015,20016,502,8,510
20016,20017,151,1,152
20017,20018,66,3,69
20018,20019,89,4,93
20019,20020,4947,77,5024
20020,20021,5359,84,5443
20021,20022,302,8,310
20022,20023,27,1,28
20023,20024,10264,68,10332
20024,20025,54,1,55
20025,20026,1500,20,1520
20026,20027,333,8,341
20027,20028,218,9,227
20028,20029,373,14,387
20029,20030,174,8,182
20030,20031,649,9,658
20031,20032,115,3,118
20032,20033,1800,27,1827
20033,20034,191,2,193
20034,20035,920,28,948
20035,20036,2688,16,2704
20036,20037,115,0,115
20037,20038,2043,28,2071
20038,20039,362,9,371
20039,20040,2448,48,2496
20040,20041,7562,88,7650
20041,20042,415,8,423
20042,20043,227,2,229
20043,20044,435,5,440
20044,20045,331,8,339
20045,20046,97,2,99
20046,20047,248,1,249
20047,20048,349,10,359
20048,20049,187,9,196
20049,20050,291,4,295
20050,20051,89,0,89
20051,20052,1088,12,1100
20052,20053,216,2,218
20053,20054,581,12,593
20054,20055,114,2,116
20055,20056,1520,256,1776
20056,20057,492,3,495
20057,20058,271,5,276
20058,20059,754,15,769
20059,20060,1174,21,1195
20060,20061,1652,38,1690
20061,20062,885,40,925
20062,20063,206,4,210
20063,20064,208,8,216
20064,20065,306,13,319
20065,20066,1359,27,1386
20066,20067,132,3,135
20067,20068,1081,63,1144
20068,20069,1108,30,1138
20069,20070,1410,31,1441
20070,20071,1735,40,1775
20071,20072,484,7,491
20072,20073,1102,13,1115
20073,20074,33005,1064,34069
20074,20075,1167,23,1190
20075,20076,291,6,297
20076,20077,196,8,204
20077,20078,2509,45,2554
20078,20079,589,14,603
20079,20080,2152,23,2175
20080,20081,2569,50,2619
20081,20082,354,7,361
20082,20083,154,2,156
20083,20084,852,15,867
20084,20085,1195,11,1206
20085,20086,42,0,42
20086,20087,342669,2859,345528
20087,20088,111,0,111
20088,20089,123,4,127
20089,20090,215,3,218
20090,20091,388,13,401
20091,20092,280,4,284
20092,20093,1211,22,1233
20093,20094,4381,68,4449
20094,20095,733,11,744
20095,20096,1398,17,1415
20096,20097,1663,13,1676
20097,20098,1147,16,1163
20098,20099,961,22,983
20099,20100,877,7,884
20100,20101,558,15,573
20101,20102,1268,22,1290
20102,20103,927,9,936
20103,20104,1380,13,1393
20104,20105,292,5,297
20105,20106,115,1,116
20106,20107,252,1,253
20107,20108,266,2,268
20108,20109,580,14,594
20109,20110,890,9,899
20110,20111,288,5,293
20111,20112,7512,79,7591
20112,20113,514,7,521
20113,20114,102,1,103
20114,20115,932,23,955
20115,20116,2757,38,2795
20116,20117,1635,18,1653
20117,20118,2549,26,2575
20118,20119,585,11,596
20119,20120,1262,22,1284
20120,20121,5859,148,6007
20121,20122,1208,20,1228
20122,20123,917,13,930
20123,20124,945,25,970
20124,20125,1583,31,1614
20125,20126,4515,53,4568
20126,20127,68,4,72
20127,20128,59193,1834,61027
20128,20129,38,1,39
20129,20130,281,6,287
20130,20131,3996,61,4057
20131,20132,210,8,218
20132,20133,367,10,377
20133,20134,479,10,489
20134,20135,1351,17,1368
20135,20136,853,12,865
20136,20137,4677,85,4762
20137,20138,189,24,213
20138,20139,2648,69,2717
20139,20140,117,2,119
20140,20141,491,16,507
20141,20142,96,1,97
20142,20143,677,15,692
20143,20144,304,13,317
20144,20145,244,4,248
20145,20146,1624,27,1651
20146,20147,850,21,871
20147,20148,501,6,507
20148,20149,1676,36,1712
20149,20150,213,4,217
20150,20151,794,14,808
20151,20152,96,7,103
20152,20153,239,2,241
20153,20154,55,0,55
20154,20155,73,2,75
20155,20156,59,2,61
20156,20157,117,1,118
20157,20158,199,8,207
20158,20159,90,0,90
20159,20160,2027,165,2192
20160,20161,3591,61,3652
20161,20162,47,3,50
20162,20163,524,5,529
20163,20164,2108,46,2154
20164,20165,902,37,939
20165,20166,1480,34,1514
20166,20167,3981,65,4046
20167,20168,9491,450,9941
20168,20169,440,6,446
20169,20170,153,8,161
20170,20171,312,4,316
20171,20172,518,9,527
20172,20173,372,4,376
20173,20174,34042,236,34278
20174,20175,20780,362,21142
20175,20176,5966,118,6084
20176,20177,2589,38,2627
20177,20178,1071,22,1093
20178,20179,296,12,308
20179,20180,138,3,141
20180,20181,2218,36,2254
20181,20182,449,13,462
20182,20183,574,10,584
20183,20184,300,2,302
20184,20185,1340,18,1358
20185,20186,60,2,62
20186,20187,73,5,78
20187,20188,662,10,672
20188,20189,1978,75,2053
20189,20190,84,0,84
20190,20191,151,4,155
20191,20192,378,11,389
20192,20193,1092,16,1108
20193,20194,1360,33,1393
20194,20195,81,1,82
20195,20196,335,6,341
20196,20197,107,4,111
20197,20198,4550,106,4656
20198,20199,58,2,60
20199,20200,1153,16,1169
20200,20201,233,5,238
20201,20202,65,1,66
20202,20203,394,5,399
20203,20204,26,1,27
20204,20205,183,6,189
20205,20206,1571,106,1677
20206,20207,4607,42,4649
20207,20208,15960,107,16067
20208,20209,1072,10,1082
20209,20210,597,8,605
20210,20211,67871,385,68256
20211,20212,7635,285,7920
20212,20213,44463,128,44591
20213,20214,653,4,657
20214,20215,1827,58,1885
20215,20216,1134,19,1153
20216,20217,340,6,346
20217,20218,1435,22,1457
20218,20219,190,6,196
20219,20220,432,5,437
20220,20221,2549,37,2586
20221,20222,254,2,256
20222,20223,1150,22,1172
20223,20224,2005,22,2027
20224,20225,1619,38,1657
20225,20226,542,23,565
20226,20227,108,4,112
20227,20228,266,8,274
20228,20229,2275,40,2315
20229,20230,501,13,514
20230,20231,446,30,476
20231,20232,436,8,444
20232,20233,177,2,179
20233,20234,595,16,611
20234,20235,719,8,727
20235,20236,127,5,132
20236,20237,219,5,224
20237,20238,3055,111,3166
20238,20239,602,11,613
20239,20240,431,11,442
20240,20241,75,2,77
20241,20242,53,2,55
20242,20243,788,10,798
20243,20244,1315,14,1329
20244,20245,925,16,941
20245,20246,1740,30,1770
20246,20247,147,2,149
20247,20248,948,18,966
20248,20249,659,24,683
20249,20250,56,1,57
20250,20251,342,9,351
20251,20252,320,7,327
20252,20253,363,6,369
20253,20254,250,3,253
20254,20255,502,11,513
20255,20256,127,0,127
20256,20257,1384,22,1406
20257,20258,91,3,94
20258,20259,152,1,153
20259,20260,215,6,221
20260,20261,413,11,424
20261,20262,1033,21,1054
20262,20263,1190,34,1224
20263,20264,258,3,261
20264,20265,9082,194,9276
20265,20266,1700,30,1730
20266,20267,1001,27,1028
20267,20268,15,1,16
20268,20269,123,1,124
20269,20270,1576,32,1608
20270,20271,491,13,504
20271,20272,456,16,472
20272,20273,774,2,776
20273,20274,201,3,204
20274,20275,4234,83,4317
20275,20276,74,1,75
20276,20277,477,14,491
20277,20278,790,10,800
20278,20279,573,19,592
20279,20280,6978,83,7061
20280,20281,634,9,643
20281,20282,536,6,542
20282,20283,112,3,115
20283,20284,159,3,162
20284,20285,507,11,518
20285,20286,2149,47,2196
20286,20287,1131,12,1143
20287,20288,2156,44,2200
20288,20289,521,21,542
20289,20290,659,22,681
20290,20291,498,9,507
20291,20292,687,15,702
20292,20293,2260,25,2285
20293,20294,1029,25,1054
20294,20295,453,7,460
20295,20296,227,2,229
20296,20297,198,7,205
20297,20298,186,1,187
20298,20299,247,6,253
20299,20300,657,10,667
20300,20301,289,5,294
20301,20302,2847,52,2899
20302,20303,633,19,652
20303,20304,2323,47,2370
20304,20305,271,0,271
20305,20306,737,9,746
20306,20307,121,2,123
20307,20308,393,6,399
20308,20309,4357,97,4454
20309,20310,372,12,384
20310,20311,279,7,286
20311,20312,461,5,466
20312,20313,216,3,219
20313,20314,239,4,243
20314,20315,716,11,727
20315,20316,101,0,101
20316,20317,311,4,315
20317,20318,117,2,119
20318,20319,247,8,255
20319,20320,1194,25,1219
20320,20321,150,1,151
20321,20322,1597,30,1627
20322,20323,704,8,712
20323,20324,1259,37,1296
20324,20325,462,4,466
20325,20326,246,4,250
20326,20327,153,4,157
20327,20328,2241,37,2278
20328,20329,3281,59,3340
20329,20330,212,2,214
20330,20331,241,7,248
20331,20332,96,2,98
20332,20333,245,2,247
20333,20334,1244,31,1275
20334,20335,5689,109,5798
20335,20336,812,16,828
20336,20337,150,2,152
20337,20338,2147,69,2216
20338,20339,64,0,64
20339,20340,49,2,51
20340,20341,78,1,79
20341,20342,5847,68,5915
20342,20343,264,5,269
20343,20344,302,4,306
20344,20345,1497,41,1538
20345,20346,363,9,372
20346,20347,497,11,508
20347,20348,765,9,774
20348,20349,1823,24,1847
20349,20350,946,18,964
20350,20351,7003,127,7130
20351,20352,2520,52,2572
20352,20353,3605,116,3721
20353,20354,380,8,388
20354,20355,591,11,602
20355,20356,6133,150,6283
20356,20357,164,3,167
20357,20358,5546,167,5713
20358,20359,603,15,618
20359,20360,1183,49,1232
20360,20361,495,5,500
20361,20362,2256,77,2333
20362,20363,299,5,304
20363,20364,5773,32,5805
20364,20365,241,3,244
20365,20366,56,2,58
20366,20367,858,12,870
20367,20368,2329,20,2349
20368,20369,820,20,840
20369,20370,6632,47,6679
20370,20371,811,13,824
20371,20372,685,10,695
20372,20373,271,5,276
20373,20374,697,6,703
20374,20375,165,1,166
20375,20376,2624,32,2656
20376,20377,381,10,391
20377,20378,253,4,257
20378,20379,278,4,282
20379,20380,669,14,683
20380,20381,890,14,904
20381,20382,2721,32,2753
20382,20383,523,9,532
20383,20384,13190,260,13450
20384,20385,4195,89,4284
20385,20386,408,12,420
20386,20387,213,7,220
20387,20388,2912,64,2976
20388,20389,117,2,119
20389,20390,455,16,471
20390,20391,1454,37,1491
20391,20392,1165,15,1180
20392,20393,191,7,198
20393,20394,159,1,160
20394,20395,250,6,256
20395,20396,699,15,714
20396,20397,5536,119,5655
20397,20398,208,5,213
20398,20399,533,3,536
20399,20400,1206,25,1231
20400,20401,367,10,377
20401,20402,393,9,402
20402,20403,5362,91,5453
20403,20404,132,1,133
20404,20405,150,3,153
20405,20406,496,8,504
20406,20407,295,7,302
20407,20408,1025,23,1048
20408,20409,373,4,377
20409,20410,353,2,355
20410,20411,151,0,151
20411,20412,6772,186,6958
20412,20413,1006,40,1046
20413,20414,5685,81,5766
20414,20415,345,11,356
20415,20416,1109,27,1136
20416,20417,1437,23,1460
20417,20418,260,5,265
20418,20419,335,5,340
20419,20420,847,21,868
20420,20421,517,13,530
20421,20422,150,3,153
20422,20423,351,5,356
20423,20424,1287,36,1323
20424,20425,819,25,844
20425,20426,797,10,807
20426,20427,614,4,618
20427,20428,56,1,57
20428,20429,365,16,381
20429,20430,2828,68,2896
20430,20431,287,3,290
20431,20432,6837,507,7344
20432,20433,187,7,194
20433,20434,841,8,849
20434,20435,123,5,128
20435,20436,2570,94,2664
20436,20437,659,15,674
20437,20438,460,51,511
20438,20439,523,10,533
20439,20440,1466,30,1496
20440,20441,656,14,670
20441,20442,683,6,689
20442,20443,359,10,369
20443,20444,2686,52,2738
20444,20445,1289,32,1321
20445,20446,1329,19,1348
20446,20447,1040,15,1055
20447,20448,1827,29,1856
20448,20449,148561,2225,150786
20449,20450,11575,70,11645
20450,20451,182,2,184
20451,20452,1349,23,1372
20452,20453,1554,27,1581
20453,20454,390,15,405
20454,20455,390,2,392
20455,20456,337,10,347
20456,20457,665,9,674
20457,20458,283,4,287
20458,20459,1760,29,1789
20459,20460,5363,56,5419
20460,20461,1245,26,1271
20461,20462,318,4,322
20462,20463,3497,27,3524
20463,20464,140,1,141
20464,20465,547,11,558
20465,20466,1685,22,1707
20466,20467,358,6,364
20467,20468,412,15,427
20468,20469,11765,456,12221
20469,20470,531,9,540
20470,20471,1018,13,1031
20471,20472,2279,24,2303
20472,20473,409,8,417
20473,20474,231,2,233
20474,20475,331,9,340
20475,20476,160,3,163
20476,20477,660,6,666
20477,20478,3624,94,3718
20478,20479,380,6,386
20479,20480,269,6,275
20480,20481,33,2,35
20481,20482,111,1,112
20482,20483,177,3,180
20483,20484,77,1,78
20484,20485,629,17,646
20485,20486,669,17,686
20486,20487,165,3,168
20487,20488,256,2,258
20488,20489,129,3,132
20489,20490,334,1,335
20490,20491,44,4,48
20491,20492,522,0,522
20492,20493,385,5,390
20493,20494,392,19,411
20494,20495,451,11,462
20495,20496,221,3,224
20496,20497,6018,122,6140
20497,20498,522,12,534
20498,20499,906,32,938
20499,20500,921,25,946
20500,20501,1260,14,1274
20501,20502,924,11,935
20502,20503,3290,99,3389
20503,20504,515,9,524
20504,20505,1167,28,1195
20505,20506,325,13,338
20506,20507,1507,207,1714
20507,20508,1178,19,1197
20508,20509,4219,99,4318
20509,20510,2518,23,2541
20510,20511,80,3,83
20511,20512,200,2,202
20512,20513,194,3,197
20513,20514,207,2,209
20514,20515,3143,228,3371
20515,20516,267,14,281
20516,20517,154,3,157
20517,20518,802,13,815
20518,20519,245,5,250
20519,20520,1276,29,1305
20520,20521,94,2,96
20521,20522,1104,23,1127
20522,20523,285,5,290
20523,20524,96,3,99
20524,20525,1759,31,1790
20525,20526,279,7,286
20526,20527,1189,17,1206
20527,20528,227,2,229
20528,20529,279,8,287
20529,20530,1305,23,1328
20530,20531,1071,14,1085
20531,20532,34,2,36
20532,20533,9993,48,10041
20533,20534,40,4,44
20534,20535,162,4,166
20535,20536,277,9,286
20536,20537,349,9,358
20537,20538,1070,20,1090
20538,20539,871,18,889
20539,20540,430,6,436
20540,20541,1148,45,1193
20541,20542,128,4,132
20542,20543,377,5,382
20543,20544,132,9,141
20544,20545,1158,25,1183
20545,20546,667,8,675
20546,20547,12241,58,12299
20547,20548,2431,23,2454
20548,20549,212,3,215
20549,20550,301,5,306
20550,20551,1195,14,1209
20551,20552,668,14,682
20552,20553,1333,17,1350
20553,20554,662,14,676
20554,20555,829,11,840
20555,20556,89,1,90
20556,20557,3439,99,3538
20557,20558,178,3,181
20558,20559,1781,14,1795
20559,20560,351,5,356
20560,20561,221,1,222
20561,20562,22386,481,22867
20562,20563,150,5,155
20563,20564,237,9,246
20564,20565,197,6,203
20565,20566,4759,58,4817
20566,20567,39,0,39
20567,20568,231,3,234
20568,20569,177,0,177
20569,20570,763,20,783
20570,20571,13866,253,14119
20571,20572,650,23,673
20572,20573,313,10,323
20573,20574,622,15,637
20574,20575,158,5,163
20575,20576,188,4,192
20576,20577,133,1,134
20577,20578,533,9,542
20578,20579,1218,30,1248
20579,20580,183,5,188
20580,20581,121,3,124
20581,20582,151,1,152
20582,20583,1687,19,1706
20583,20584,10594,639,11233
20584,20585,178,2,180
20585,20586,673,20,693
20586,20587,500,7,507
20587,20588,170,1,171
20588,20589,114,1,115
20589,20590,71,2,73
20590,20591,8970,251,9221
20591,20592,188,0,188
20592,20593,323,8,331
20593,20594,601,3,604
20594,20595,306,2,308
20595,20596,224,3,227
20596,20597,205,0,205
20597,20598,38,2,40
20598,20599,717,75,792
20599,20600,128,1,129
20600,20601,115,3,118
20601,20602,81,1,82
20602,20603,270,46,316
20603,20604,330,10,340
20604,20605,332,4,336
20605,20606,199,8,207
20606,20607,339,13,352
20607,20608,366,6,372
20608,20609,60,4,64
20609,20610,80,6,86
20610,20611,1044,21,1065
20611,20612,767,133,900
20612,20613,5520,121,5641
20613,20614,402,3,405
20614,20615,1025,19,1044
20615,20616,11665,594,12259
20616,20617,408,6,414
20617,20618,365,9,374
20618,20619,63,2,65
20619,20620,258,6,264
20620,20621,154,4,158
20621,20622,8789,64,8853
20622,20623,1288,29,1317
20623,20624,71,4,75
20624,20625,1399,23,1422
20625,20626,106,3,109
20626,20627,519,2,521
20627,20628,471,5,476
20628,20629,2295,74,2369
20629,20630,1192,15,1207
20630,20631,54,0,54
20631,20632,52,0,52
20632,20633,388,9,397
20633,20634,1295,27,1322
20634,20635,871,28,899
20635,20636,152,1,153
20636,20637,403,3,406
20637,20638,329,34,363
20638,20639,2477,22,2499
20639,20640,1490,20,1510
20640,20641,88,1,89
20641,20642,502,9,511
20642,20643,5867,74,5941
20643,20644,28772,665,29437
20644,20645,182,3,185
20645,20646,550,3,553
20646,20647,329,4,333
20647,20648,1967,50,2017
20648,20649,843,29,872
20649,20650,294,3,297
20650,20651,3467,66,3533
20651,20652,715,16,731
20652,20653,136,2,138
20653,20654,98,7,105
20654,20655,1020,23,1043
20655,20656,252,4,256
20656,20657,2756,40,2796
20657,20658,102,3,105
20658,20659,1134,16,1150
20659,20660,2149,58,2207
20660,20661,378,9,387
20661,20662,8633,145,8778
20662,20663,1030,18,1048
20663,20664,39,0,39
20664,20665,3493,105,3598
20665,20666,247,1,248
20666,20667,674,18,692
20667,20668,378,5,383
20668,20669,895,24,919
20669,20670,540,4,544
20670,20671,523,16,539
20671,20672,496,6,502
20672,20673,138,1,139
20673,20674,114,3,117
20674,20675,25,0,25
20675,20676,328,9,337
20676,20677,924,11,935
20677,20678,36,0,36
20678,20679,41,1,42
20679,20680,220,2,222
20680,20681,88,1,89
20681,20682,1606,45,1651
20682,20683,2433,68,2501
20683,20684,345,3,348
20684,20685,459,13,472
20685,20686,6664,199,6863
20686,20687,195,4,199
20687,20688,360,6,366
20688,20689,597,17,614
20689,20690,318,9,327
20690,20691,2821,34,2855
20691,20692,1754,34,1788
20692,20693,5152,124,5276
20693,20694,1012,15,1027
20694,20695,39,2,41
20695,20696,106,3,109
20696,20697,245,3,248
20697,20698,184,2,186
20698,20699,687,7,694
20699,20700,51,3,54
20700,20701,1670,14,1684
20701,20702,1432,28,1460
20702,20703,263,7,270
20703,20704,595,11,606
20704,20705,410,9,419
20705,20706,249,10,259
20706,20707,327,7,334
20707,20708,55,1,56
20708,20709,523,6,529
20709,20710,253,6,259
20710,20711,148,2,150
20711,20712,109,3,112
20712,20713,742,18,760
20713,20714,152,3,155
20714,20715,2011,43,2054
20715,20716,53,0,53
20716,20717,264,5,269
20717,20718,109,9,118
20718,20719,2541,71,2612
20719,20720,164,3,167
20720,20721,24627,178,24805
20721,20722,666,9,675
20722,20723,116269,2363,118632
20723,20724,2192,43,2235
20724,20725,77,1,78
20725,20726,81,0,81
20726,20727,383,1,384
20727,20728,479,3,482
20728,20729,218,2,220
20729,20730,234,6,240
20730,20731,10419,91,10510
20731,20732,66,0,66
20732,20733,220,6,226
20733,20734,677,10,687
20734,20735,911,49,960
20735,20736,356,9,365
20736,20737,41,1,42
20737,20738,849,27,876
20738,20739,1127,25,1152
20739,20740,4423,104,4527
20740,20741,6,0,6
20741,20742,4483,170,4653
20742,20743,70,3,73
20743,20744,243,3,246
20744,20745,161,4,165
20745,20746,356,4,360
20746,20747,226,11,237
20747,20748,111,2,113
20748,20749,101,1,102
20749,20750,91,2,93
20750,20751,551,17,568
20751,20752,883,26,909
20752,20753,356,35,391
20753,20754,70,0,70
20754,20755,15,0,15
20755,20756,139,1,140
20756,20757,287,9,296
20757,20758,605,13,618
20758,20759,3351,90,3441
20759,20760,640,9,649
20760,20761,1186,28,1214
20761,20762,114,4,118
20762,20763,113,0,113
20763,20764,15503,329,15832
20764,20765,1041,18,1059
20765,20766,589,5,594
20766,20767,728,10,738
20767,20768,553,3,556
20768,20769,330,6,336
20769,20770,1591,20,1611
20770,20771,26,0,26
20771,20772,1002,16,1018
20772,20773,10369,678,11047
20773,20774,429,12,441
20774,20775,24,0,24
20775,20776,124,1,125
20776,20777,51,1,52
20777,20778,84,0,84
20778,20779,26,0,26
20779,20780,1798,44,1842
20780,20781,1147,38,1185
20781,20782,27209,699,27908
20782,20783,57,2,59
20783,20784,168,2,170
20784,20785,124,1,125
20785,20786,528,52,580
20786,20787,927,9,936
20787,20788,312,4,316
20788,20789,635,10,645
20789,20790,235,4,239
20790,20791,487,9,496
20791,20792,16429,277,16706
20792,20793,536,9,545
20793,20794,99,0,99
20794,20795,56,3,59
20795,20796,859,22,881
20796,20797,1222,39,1261
20797,20798,330,8,338
20798,20799,521,7,528
20799,20800,246,2,248
20800,20801,95,2,97
20801,20802,379,9,388
20802,20803,314,6,320
20803,20804,255,5,260
20804,20805,230,3,233
20805,20806,17446,239,17685
20806,20807,501,5,506
20807,20808,85,1,86
20808,20809,345,3,348
20809,20810,330,19,349
20810,20811,956,15,971
20811,20812,246,4,250
20812,20813,50,1,51
20813,20814,214,9,223
20814,20815,594,7,601
20815,20816,2374,49,2423
20816,20817,55,0,55
20817,20818,816,22,838
20818,20819,1350,75,1425
20819,20820,195,2,197
20820,20821,90,1,91
20821,20822,1654,30,1684
20822,20823,816,17,833
20823,20824,930,17,947
20824,20825,220,3,223
20825,20826,5454,26,5480
20826,20827,12723,129,12852
20827,20828,539,11,550
20828,20829,38,3,41
20829,20830,6725,76,6801
20830,20831,3099,65,3164
20831,20832,782,18,800
20832,20833,1312,32,1344
20833,20834,1973,30,2003
20834,20835,442,6,448
20835,20836,1537,31,1568
20836,20837,260,5,265
20837,20838,149,1,150
20838,20839,507,16,523
20839,20840,242,1,243
20840,20841,599,16,615
20841,20842,526,16,542
20842,20843,1154,19,1173
20843,20844,1734,29,1763
20844,20845,417,10,427
20845,20846,143,3,146
20846,20847,277,6,283
20847,20848,677,14,691
20848,20849,139,2,141
20849,20850,3872,66,3938
20850,20851,743,13,756
20851,20852,383,9,392
20852,20853,160,6,166
20853,20854,734,16,750
20854,20855,833,19,852
20855,20856,191,3,194
20856,20857,108,2,110
20857,20858,1604,11,1615
20858,20859,395,3,398
20859,20860,254,2,256
20860,20861,24,0,24
20861,20862,376,8,384
20862,20863,57,0,57
20863,20864,539,13,552
20864,20865,245,4,249
20865,20866,570,9,579
20866,20867,774,23,797
20867,20868,9344,118,9462
20868,20869,410,3,413
20869,20870,86,1,87
20870,20871,125,9,134
20871,20872,816,10,826
20872,20873,1197,28,1225
20873,20874,6,0,6
20874,20875,26553,278,26831
20875,20876,63,1,64
20876,20877,349,8,357
20877,20878,237,7,244
20878,20879,144,2,146
20879,20880,267,8,275
20880,20881,226,5,231
20881,20882,44,0,44
20882,20883,46,2,48
20883,20884,11,0,11
20884,20885,614,3,617
20885,20886,600,7,607
20886,20887,66,0,66
20887,20888,3110,80,3190
20888,20889,1197,41,1238
20889,20890,240,5,245
20890,20891,763,9,772
20891,20892,1130,13,1143
20892,20893,1669,51,1720
20893,20894,285,8,293
20894,20895,238,5,243
20895,20896,711,12,723
20896,20897,413,6,419
20897,20898,555,7,562
20898,20899,621,12,633
20899,20900,32,0,32
20900,20901,1312,23,1335
20901,20902,129,2,131
20902,20903,13378,170,13548
20903,20904,317,6,323
20904,20905,84,6,90
20905,20906,82,0,82
20906,20907,258,6,264
20907,20908,65,1,66
20908,20909,503,7,510
20909,20910,2564,50,2614
20910,20911,443,12,455
20911,20912,662,6,668
20912,20913,465,16,481
20913,20914,547,11,558
20914,20915,939,11,950
20915,20916,266,5,271
20916,20917,225,1,226
20917,20918,313,6,319
20918,20919,2641,82,2723
20919,20920,1117,20,1137
20920,20921,219,8,227
20921,20922,238,2,240
20922,20923,132,1,133
20923,20924,437,3,440
20924,20925,517,4,521
20925,20926,5583,84,5667
20926,20927,728,12,740
20927,20928,99,3,102
20928,20929,1039,20,1059
20929,20930,22456,479,22935
20930,20931,371,11,382
20931,20932,952,23,975
20932,20933,524,13,537
20933,20934,1668,32,1700
20934,20935,303,8,311
20935,20936,213,4,217
20936,20937,694,13,707
20937,20938,104,1,105
20938,20939,216,2,218
20939,20940,388,17,405
20940,20941,151,1,152
20941,20942,154,3,157
20942,20943,619,14,633
20943,20944,33,1,34
20944,20945,20532,194,20726
20945,20946,391,8,399
20946,20947,381,1,382
20947,20948,1921,22,1943
20948,20949,201,2,203
20949,20950,312,5,317
20950,20951,101,4,105
20951,20952,323,1,324
20952,20953,2748,107,2855
20953,20954,855,15,870
20954,20955,183,4,187
20955,20956,5056,127,5183
20956,20957,420,6,426
20957,20958,137,1,138
20958,20959,154,10,164
20959,20960,189,3,192
20960,20961,499,11,510
20961,20962,576,13,589
20962,20963,319,7,326
20963,20964,660,8,668
20964,20965,220,5,225
20965,20966,238,4,242
20966,20967,415,11,426
20967,20968,506,10,516
20968,20969,229,3,232
20969,20970,1016,17,1033
20970,20971,4105,52,4157
20971,20972,261,5,266
20972,20973,71,2,73
20973,20974,243,6,249
20974,20975,126,5,131
20975,20976,571,12,583
20976,20977,575,10,585
20977,20978,1009,8,1017
20978,20979,1204,24,1228
20979,20980,335,6,341
20980,20981,314,3,317
20981,20982,322,6,328
20982,20983,3023,111,3134
20983,20984,7179,335,7514
20984,20985,1772,40,1812
20985,20986,163,5,168
20986,20987,508,10,518
20987,20988,76,2,78
20988,20989,334,6,340
20989,20990,362,3,365
20990,20991,260,3,263
20991,20992,458,14,472
20992,20993,1153,17,1170
20993,20994,33,0,33
20994,20995,35236,332,35568
20995,20996,55,0,55
20996,20997,2398,101,2499
20997,20998,814,11,825
20998,20999,243,3,246
20999,21000,78,1,79
21000,21001,184,5,189
21001,21002,417,10,427
21002,21003,3094,45,3139
21003,21004,5844,41,5885
21004,21005,161,2,163
21005,21006,425,7,432
21006,21007,179,7,186
21007,21008,1507,26,1533
21008,21009,141,4,145
21009,21010,222,2,224
21010,21011,532,17,549
21011,21012,62,2,64
21012,21013,254,2,256
21013,21014,164,3,167
21014,21015,433,52,485
21015,21016,1106,17,1123
21016,21017,794,12,806
21017,21018,221,8,229
21018,21019,789,19,808
21019,21020,570,7,577
21020,21021,1017,15,1032
21021,21022,143,3,146
21022,21023,71,0,71
21023,21024,407,12,419
21024,21025,940,8,948
21025,21026,15659,478,16137
21026,21027,840,20,860
21027,21028,265,3,268
21028,21029,1704,20,1724
21029,21030,290,9,299
21030,21031,10900,212,11112
21031,21032,197,1,198
21032,21033,54,2,56
21033,21034,1191,32,1223
21034,21035,167,4,171
21035,21036,874,18,892
21036,21037,83,2,85
21037,21038,2892,86,2978
21038,21039,412,8,420
21039,21040,138,1,139
21040,21041,1409,24,1433
21041,21042,3688,66,3754
21042,21043,488,10,498
21043,21044,41,0,41
21044,21045,660,16,676
21045,21046,106,3,109
21046,21047,59846,181,60027
21047,21048,611,4,615
21048,21049,5757,17,5774
21049,21050,121,6,127
21050,21051,2110,36,2146
21051,21052,405,5,410
21052,21053,23,0,23
21053,21054,243,7,250
21054,21055,7814,58,7872
21055,21056,387,9,396
21056,21057,9214,417,9631
21057,21058,623,18,641
21058,21059,673,12,685
21059,21060,335,11,346
21060,21061,585,7,592
21061,21062,999,21,1020
21062,21063,1229,30,1259
21063,21064,789,16,805
21064,21065,259,7,266
21065,21066,649,1,650
21066,21067,2084,50,2134
21067,21068,177,6,183
21068,21069,316,5,321
21069,21070,860,23,883
21070,21071,462,11,473
21071,21072,290,4,294
21072,21073,117,0,117
21073,21074,9136,84,9220
21074,21075,472,7,479
21075,21076,882,15,897
21076,21077,499,15,514
21077,21078,6684,216,6900
21078,21079,508,11,519
21079,21080,240,7,247
21080,21081,159,4,163
21081,21082,108,2,110
21082,21083,355,7,362
21083,21084,43,0,43
21084,21085,196,11,207
21085,21086,68,2,70
21086,21087,199,1,200
21087,21088,261,0,261
21088,21089,169,4,173
21089,21090,135,1,136
21090,21091,475,10,485
21091,21092,182,5,187
21092,21093,1766,14,1780
21093,21094,137,4,141
21094,21095,694,6,700
21095,21096,624,16,640
21096,21097,36,0,36
21097,21098,970,32,1002
21098,21099,1331,43,1374
21099,21100,5286,82,5368
21100,21101,1073,27,1100
21101,21102,840,23,863
21102,21103,86472,391,86863
21103,21104,145208,820,146028
21104,21105,139297,940,140237
21105,21106,180005,1228,181233
21106,21107,135592,976,136568
21107,21108,230981,1687,232668
21108,21109,165523,2254,167777
21109,21110,166543,1432,167975
21110,21111,192468,820,193288
21111,21112,184573,998,185571
21112,21113,15917,138,16055
21113,21114,194994,924,195918
21114,21115,21595,140,21735
21115,21116,34025,281,34306
21116,21117,29131,259,29390
21117,21118,58227,670,58897
21118,21119,40303,868,41171
21119,21120,48888,793,49681
21120,21121,35655,595,36250
21121,21122,60026,537,60563
21122,21123,318,4,322
21123,21124,570,11,581
21124,21125,450,9,459
21125,21126,505,4,509
21126,21127,830,15,845
21127,21128,5589,112,5701
21128,21129,723,12,735
21129,21130,496,9,505
21130,21131,699,21,720
21131,21132,424,15,439
21132,21133,332,15,347
21133,21134,288,8,296
21134,21135,1371,48,1419
21135,21136,4828,118,4946
21136,21137,124,2,126
21137,21138,179,3,182
21138,21139,46,2,48
21139,21140,283,12,295
21140,21141,192,4,196
21141,21142,114,1,115
21142,21143,171,1,172
21143,21144,53,1,54
21144,21145,817,9,826
21145,21146,709,14,723
21146,21147,10089,400,10489
21147,21148,1780,28,1808
21148,21149,97,0,97
21149,21150,73,0,73
21150,21151,951,38,989
21151,21152,292,6,298
21152,21153,231,3,234
21153,21154,141,5,146
21154,21155,2474,32,2506
21155,21156,636,6,642
21156,21157,71,0,71
21157,21158,367,8,375
21158,21159,756,10,766
21159,21160,44,1,45
21160,21161,1490,37,1527
21161,21162,1064,21,1085
21162,21163,285,5,290
21163,21164,970,10,980
21164,21165,1162,14,1176
21165,21166,191,10,201
21166,21167,207,1,208
21167,21168,576,16,592
21168,21169,125,5,130
21169,21170,273,6,279
21170,21171,335,6,341
21171,21172,240,11,251
21172,21173,344,5,349
21173,21174,66,2,68
21174,21175,383,14,397
21175,21176,132,6,138
21176,21177,133,0,133
21177,21178,45,1,46
21178,21179,96,1,97
21179,21180,2244,37,2281
21180,21181,149,6,155
21181,21182,876,12,888
21182,21183,75627,1443,77070
21183,21184,908,24,932
21184,21185,440,3,443
21185,21186,615,48,663
21186,21187,4997,82,5079
21187,21188,691,20,711
21188,21189,1239,29,1268
21189,21190,101,5,106
21190,21191,868,18,886
21191,21192,4016,53,4069
21192,21193,373,9,382
21193,21194,257,3,260
21194,21195,309,7,316
21195,21196,369,15,384
21196,21197,254,8,262
21197,21198,559,8,567
21198,21199,234,10,244
21199,21200,339,8,347
21200,21201,1985,27,2012
21201,21202,312,8,320
21202,21203,474,7,481
21203,21204,188,3,191
21204,21205,763,15,778
21205,21206,376,10,386
21206,21207,2501,119,2620
21207,21208,6212,51,6263
21208,21209,1374,19,1393
21209,21210,205,3,208
21210,21211,618,17,635
21211,21212,658,29,687
21212,21213,2170,37,2207
21213,21214,107,2,109
21214,21215,475,6,481
21215,21216,1350,36,1386
21216,21217,1169,22,1191
21217,21218,88,3,91
21218,21219,537,8,545
21219,21220,893,13,906
21220,21221,526,17,543
21221,21222,296,10,306
21222,21223,2276,51,2327
21223,21224,37,0,37
21224,21225,74,1,75
21225,21226,4544,89,4633
21226,21227,947,22,969
21227,21228,6088,262,6350
21228,21229,548,11,559
21229,21230,382,4,386
21230,21231,1847,50,1897
21231,21232,2370,18,2388
21232,21233,1465,13,1478
21233,21234,1381,40,1421
21234,21235,133,1,134
21235,21236,1448,37,1485
21236,21237,641,25,666
21237,21238,130,2,132
21238,21239,137,2,139
21239,21240,763,29,792
21240,21241,114,5,119
21241,21242,968,13,981
21242,21243,509,12,521
21243,21244,90,1,91
21244,21245,791,55,846
21245,21246,27,0,27
21246,21247,237,8,245
21247,21248,1526,29,1555
21248,21249,1842,124,1966
21249,21250,754,8,762
21250,21251,1315,12,1327
21251,21252,2049,43,2092
21252,21253,1051,14,1065
21253,21254,607,19,626
21254,21255,486,6,492
21255,21256,5149,100,5249
21256,21257,2634,60,2694
21257,21258,586,19,605
21258,21259,2341,50,2391
21259,21260,313,7,320
21260,21261,40,0,40
21261,21262,194,4,198
21262,21263,362,9,371
21263,21264,173,2,175
21264,21265,37,0,37
21265,21266,3370,40,3410
21266,21267,2494,63,2557
21267,21268,60,0,60
21268,21269,949,21,970
21269,21270,250,5,255
21270,21271,76,1,77
21271,21272,2022,63,2085
21272,21273,123,1,124
21273,21274,175,4,179
21274,21275,2600,106,2706
21275,21276,637,16,653
21276,21277,108,0,108
21277,21278,325,6,331
21278,21279,2015,33,2048
21279,21280,224,5,229
21280,21281,437,11,448
21281,21282,236,9,245
21282,21283,669,18,687
21283,21284,1409,15,1424
21284,21285,1633,29,1662
21285,21286,10170,287,10457
21286,21287,418,19,437
21287,21288,728,8,736
21288,21289,117,0,117
21289,21290,464,6,470
21290,21291,1219,17,1236
21291,21292,428,15,443
21292,21293,119344,1427,120771
21293,21294,338,13,351
21294,21295,292,7,299
21295,21296,1568,26,1594
21296,21297,553,15,568
21297,21298,2110,180,2290
21298,21299,842,7,849
21299,21300,891,19,910
21300,21301,210,6,216
21301,21302,1802,20,1822
21302,21303,1885,40,1925
21303,21304,1258,32,1290
21304,21305,2138,33,2171
21305,21306,130,1,131
21306,21307,131,3,134
21307,21308,635,15,650
21308,21309,333,7,340
21309,21310,112,0,112
21310,21311,7089,196,7285
21311,21312,308,6,314
21312,21313,272,5,277
21313,21314,150,5,155
21314,21315,465,7,472
21315,21316,30,2,32
21316,21317,1464,27,1491
21317,21318,74,3,77
21318,21319,3108,90,3198
21319,21320,252,2,254
21320,21321,737,14,751
21321,21322,13734,54,13788
21322,21323,351,6,357
21323,21324,307,4,311
21324,21325,73,0,73
21325,21326,240,4,244
21326,21327,20557,309,20866
21327,21328,341,11,352
21328,21329,162,2,164
21329,21330,187,3,190
21330,21331,2121,45,2166
21331,21332,320,2,322
21332,21333,65,0,65
21333,21334,1068,29,1097
21334,21335,65245,762,66007
21335,21336,446,9,455
21336,21337,672,14,686
21337,21338,86,3,89
21338,21339,706,6,712
21339,21340,774,26,800
21340,21341,139,4,143
21341,21342,660,12,672
21342,21343,426,4,430
21343,21344,183,5,188
21344,21345,24753,421,25174
21345,21346,8203,123,8326
21346,21347,9628,203,9831
21347,21348,8693,175,8868
21348,21349,299,7,306
21349,21350,87,1,88
21350,21351,310,2,312
21351,21352,827,18,845
21352,21353,3755,53,3808
21353,21354,206,7,213
21354,21355,1095,10,1105
21355,21356,720,11,731
21356,21357,1443,36,1479
21357,21358,221,5,226
21358,21359,138,0,138
21359,21360,142,3,145
21360,21361,4887,37,4924
21361,21362,6298,98,6396
21362,21363,12395,123,12518
21363,21364,189,5,194
21364,21365,314,6,320
21365,21366,317,4,321
21366,21367,534,5,539
21367,21368,687,18,705
21368,21369,563,17,580
21369,21370,295,2,297
21370,21371,70,0,70
21371,21372,2148,28,2176
21372,21373,844,17,861
21373,21374,173,4,177
21374,21375,782,11,793
21375,21376,229,10,239
21376,21377,60,1,61
21377,21378,84,1,85
21378,21379,1230,19,1249
21379,21380,348,10,358
21380,21381,701,22,723
21381,21382,8192,187,8379
21382,21383,3540,94,3634
21383,21384,5598,78,5676
21384,21385,673,15,688
21385,21386,156,2,158
21386,21387,1044,24,1068
21387,21388,431,8,439
21388,21389,1027,16,1043
21389,21390,168,3,171
21390,21391,482,6,488
21391,21392,233,8,241
21392,21393,2291,82,2373
21393,21394,75,5,80
21394,21395,52,2,54
21395,21396,77,5,82
21396,21397,78,29,107
21397,21398,3648,180,3828
21398,21399,73,2,75
21399,21400,830,11,841
21400,21401,157,1,158
21401,21402,280,2,282
21402,21403,476,16,492
21403,21404,1527,25,1552
21404,21405,52,2,54
21405,21406,1166,20,1186
21406,21407,1132,23,1155
21407,21408,148,4,152
21408,21409,886,16,902
21409,21410,570,9,579
21410,21411,30,0,30
21411,21412,1278,13,1291
21412,21413,206,4,210
21413,21414,346,13,359
21414,21415,2629,69,2698
21415,21416,122,3,125
21416,21417,80,2,82
21417,21418,283,3,286
21418,21419,594,11,605
21419,21420,34,3,37
21420,21421,5134,89,5223
21421,21422,253,9,262
21422,21423,276,8,284
21423,21424,82,2,84
21424,21425,2813,43,2856
21425,21426,93,0,93
21426,21427,592,8,600
21427,21428,151,0,151
21428,21429,156,2,158
21429,21430,106,3,109
21430,21431,67,1,68
21431,21432,214,5,219
21432,21433,585,7,592
21433,21434,187,2,189
21434,21435,686,13,699
21435,21436,1577,155,1732
21436,21437,1116,18,1134
21437,21438,127,3,130
21438,21439,365,10,375
21439,21440,1386,42,1428
21440,21441,318,4,322
21441,21442,9723,131,9854
21442,21443,966,23,989
21443,21444,1307,17,1324
21444,21445,439,13,452
21445,21446,4820,38,4858
21446,21447,4729,240,4969
21447,21448,593,17,610
21448,21449,200,6,206
21449,21450,43,1,44
21450,21451,9849,96,9945
21451,21452,376,7,383
21452,21453,468,9,477
21453,21454,63,0,63
21454,21455,22,0,22
21455,21456,910,7,917
21456,21457,19,0,19
21457,21458,41,3,44
21458,21459,974,11,985
21459,21460,8578,255,8833
21460,21461,98,2,100
21461,21462,3263,37,3300
21462,21463,294,5,299
21463,21464,318,6,324
21464,21465,1311,16,1327
21465,21466,38,0,38
21466,21467,178,12,190
21467,21468,98,3,101
21468,21469,82,1,83
21469,21470,133,3,136
21470,21471,16,0,16
21471,21472,165,3,168
21472,21473,2539,28,2567
21473,21474,371,6,377
21474,21475,105,0,105
21475,21476,1161,11,1172
21476,21477,10397,60,10457
21477,21478,1493,37,1530
21478,21479,463,7,470
21479,21480,86,2,88
21480,21481,94,1,95
21481,21482,112,1,113
21482,21483,1938,31,1969
21483,21484,480,6,486
21484,21485,874,30,904
21485,21486,478,4,482
21486,21487,335,0,335
21487,21488,6068,105,6173
21488,21489,164,5,169
21489,21490,135,7,142
21490,21491,118,1,119
21491,21492,1126,25,1151
21492,21493,159,6,165
21493,21494,372,14,386
21494,21495,247,5,252
21495,21496,326,11,337
21496,21497,512,13,525
21497,21498,754,18,772
21498,21499,30861,47,30908
21499,21500,316,4,320
21500,21501,1833,210,2043
21501,21502,1396,39,1435
21502,21503,470,12,482
21503,21504,898,18,916
21504,21505,282,5,287
21505,21506,13510,259,13769
21506,21507,9423,39,9462
21507,21508,214,4,218
21508,21509,255,3,258
21509,21510,308,7,315
21510,21511,149,2,151
21511,21512,89,1,90
21512,21513,131,2,133
21513,21514,520,13,533
21514,21515,2756,57,2813
21515,21516,551,9,560
21516,21517,3905,126,4031
21517,21518,739,13,752
21518,21519,1498,24,1522
21519,21520,990,17,1007
21520,21521,1198,19,1217
21521,21522,100,2,102
21522,21523,654,11,665
21523,21524,502,3,505
21524,21525,59,1,60
21525,21526,34,1,35
21526,21527,1859,19,1878
21527,21528,350,0,350
21528,21529,140,1,141
21529,21530,967,17,984
21530,21531,612,9,621
21531,21532,105,6,111
21532,21533,7959,109,8068
21533,21534,4588,47,4635
21534,21535,197,2,199
21535,21536,345,6,351
21536,21537,1005,20,1025
21537,21538,947,27,974
21538,21539,499,7,506
21539,21540,280,3,283
21540,21541,271,7,278
21541,21542,62,1,63
21542,21543,256,4,260
21543,21544,205,3,208
21544,21545,63,2,65
21545,21546,209,3,212
21546,21547,853,19,872
21547,21548,699,3,702
21548,21549,938,33,971
21549,21550,450,9,459
21550,21551,288,7,295
21551,21552,191,8,199
21552,21553,248,7,255
21553,21554,201,8,209
21554,21555,564,5,569
21555,21556,1906,22,1928
21556,21557,4438,111,4549
21557,21558,1483,16,1499
21558,21559,167,2,169
21559,21560,190,5,195
21560,21561,1698,27,1725
21561,21562,4318,69,4387
21562,21563,788,25,813
21563,21564,2840,37,2877
21564,21565,21,3,24
21565,21566,760,18,778
21566,21567,110,4,114
21567,21568,18,0,18
21568,21569,84,0,84
21569,21570,5394,95,5489
21570,21571,737,11,748
21571,21572,1062,19,1081
21572,21573,3813,76,3889
21573,21574,444,3,447
21574,21575,420,8,428
21575,21576,2127,42,2169
21576,21577,2220,50,2270
21577,21578,501,6,507
21578,21579,1432,37,1469
21579,21580,3031,54,3085
21580,21581,111,2,113
21581,21582,761,9,770
21582,21583,671,69,740
21583,21584,696,12,708
21584,21585,521,9,530
21585,21586,506,11,517
21586,21587,56,1,57
21587,21588,1449,20,1469
21588,21589,1160,36,1196
21589,21590,292,2,294
21590,21591,1276,20,1296
21591,21592,80,1,81
21592,21593,973,12,985
21593,21594,9023,144,9167
21594,21595,1769,41,1810
21595,21596,84,1,85
21596,21597,119,9,128
21597,21598,867,15,882
21598,21599,73,0,73
21599,21600,109,5,114
21600,21601,242,9,251
21601,21602,873,17,890
21602,21603,202,4,206
21603,21604,1179,20,1199
21604,21605,8515,164,8679
21605,21606,198,4,202
21606,21607,829,20,849
21607,21608,352,8,360
21608,21609,93,0,93
21609,21610,306,3,309
21610,21611,116,1,117
21611,21612,1882,41,1923
21612,21613,109,0,109
21613,21614,268,9,277
21614,21615,2069,68,2137
21615,21616,997,11,1008
21616,21617,1633,34,1667
21617,21618,965,15,980
21618,21619,615,16,631
21619,21620,2384,53,2437
21620,21621,71,0,71
21621,21622,263,4,267
21622,21623,1641,26,1667
21623,21624,528,13,541
21624,21625,4441,91,4532
21625,21626,409,5,414
21626,21627,205,5,210
21627,21628,218,6,224
21628,21629,19402,411,19813
21629,21630,106,9,115
21630,21631,206,4,210
21631,21632,30950,353,31303
21632,21633,1373,17,1390
21633,21634,271,2,273
21634,21635,2187,27,2214
21635,21636,3515,49,3564
21636,21637,147,3,150
21637,21638,11649,103,11752
21638,21639,553,7,560
21639,21640,441,14,455
21640,21641,1903,36,1939
21641,21642,960,15,975
21642,21643,454,10,464
21643,21644,185,3,188
21644,21645,301,4,305
21645,21646,2981,54,3035
21646,21647,968,17,985
21647,21648,1059,24,1083
21648,21649,533,9,542
21649,21650,246,3,249
21650,21651,95,3,98
21651,21652,306,8,314
21652,21653,235,3,238
21653,21654,153,2,155
21654,21655,54,2,56
21655,21656,93,2,95
21656,21657,2021,57,2078
21657,21658,212,10,222
21658,21659,721,8,729
21659,21660,935,21,956
21660,21661,400,5,405
21661,21662,731,16,747
21662,21663,4844,176,5020
21663,21664,2380,73,2453
21664,21665,847,19,866
21665,21666,1953,55,2008
21666,21667,1713,21,1734
21667,21668,108,4,112
21668,21669,688,27,715
21669,21670,1463,36,1499
21670,21671,1973,33,2006
21671,21672,219,5,224
21672,21673,128,2,130
21673,21674,2796,52,2848
21674,21675,1090,10,1100
21675,21676,6145,178,6323
21676,21677,781,15,796
21677,21678,3775,76,3851
21678,21679,811,31,842
21679,21680,115,2,117
21680,21681,187,7,194
21681,21682,337,3,340
21682,21683,205,5,210
21683,21684,231,5,236
21684,21685,5266,105,5371
21685,21686,1617,25,1642
21686,21687,3620,98,3718
21687,21688,2298,42,2340
21688,21689,1820,43,1863
21689,21690,936,21,957
21690,21691,2968,80,3048
21691,21692,1297,22,1319
21692,21693,1927,27,1954
21693,21694,1217,13,1230
21694,21695,3474,51,3525
21695,21696,3857,165,4022
21696,21697,1197,19,1216
21697,21698,440,3,443
21698,21699,836,19,855
21699,21700,6982,124,7106
21700,21701,3188,82,3270
21701,21702,78,3,81
21702,21703,323,6,329
21703,21704,3640,265,3905
21704,21705,3184,77,3261
21705,21706,206,3,209
21706,21707,256,3,259
21707,21708,150,7,157
21708,21709,740,21,761
21709,21710,3568,84,3652
21710,21711,4465,42,4507
21711,21712,2988,89,3077
21712,21713,17778,639,18417
21713,21714,6635,222,6857
21714,21715,1985,44,2029
21715,21716,1230,20,1250
21716,21717,3178,76,3254
21717,21718,78,3,81
21718,21719,1604,34,1638
21719,21720,2542,46,2588
21720,21721,4191,163,4354
21721,21722,3828,75,3903
21722,21723,473,2,475
21723,21724,2245,68,2313
21724,21725,2471,55,2526
21725,21726,6223,187,6410
21726,21727,1784,44,1828
21727,21728,2108,51,2159
21728,21729,417,3,420
21729,21730,525,7,532
21730,21731,539,8,547
21731,21732,2176,45,2221
21732,21733,3854,91,3945
21733,21734,1711,33,1744
21734,21735,5792,128,5920
21735,21736,3039,125,3164
21736,21737,3687,117,3804
21737,21738,6312,128,6440
21738,21739,3737,117,3854
21739,21740,913,22,935
21740,21741,3497,93,3590
21741,21742,1610,61,1671
21742,21743,11383,356,11739
21743,21744,791,28,819
21744,21745,2737,124,2861
21745,21746,13161,365,13526
21746,21747,4183,105,4288
21747,21748,3454,94,3548
21748,21749,731,12,743
21749,21750,1761,45,1806
21750,21751,2522,82,2604
21751,21752,1430,29,1459
21752,21753,408,14,422
21753,21754,1166,36,1202
21754,21755,2448,59,2507
21755,21756,6640,130,6770
21756,21757,1643,53,1696
21757,21758,1733,37,1770
21758,21759,2166,42,2208
21759,21760,4541,88,4629
21760,21761,2214,48,2262
21761,21762,3951,109,4060
21762,21763,1838,46,1884
21763,21764,5086,171,5257
21764,21765,1989,268,2257
21765,21766,1579,57,1636
21766,21767,5409,113,5522
21767,21768,2464,57,2521
21768,21769,2119,38,2157
21769,21770,1912,49,1961
21770,21771,1279,36,1315
21771,21772,776,11,787
21772,21773,2084,35,2119
21773,21774,2294,96,2390
21774,21775,1462,29,1491
21775,21776,1071,25,1096
21776,21777,1174,26,1200
21777,21778,317,4,321
21778,21779,1062,32,1094
21779,21780,1991,39,2030
21780,21781,1245,29,1274
21781,21782,4517,291,4808
21782,21783,2263,55,2318
21783,21784,460,7,467
21784,21785,1160,22,1182
21785,21786,3832,104,3936
21786,21787,2862,72,2934
21787,21788,659,18,677
21788,21789,13496,245,13741
21789,21790,237,4,241
21790,21791,1760,40,1800
21791,21792,2944,71,3015
21792,21793,1063,22,1085
21793,21794,714,9,723
21794,21795,2535,57,2592
21795,21796,3140,56,3196
21796,21797,1140,33,1173
21797,21798,3551,108,3659
21798,21799,681,26,707
21799,21800,20,0,20
21800,21801,2948,74,3022
21801,21802,507,19,526
21802,21803,1209,26,1235
21803,21804,9791,564,10355
21804,21805,1232,20,1252
21805,21806,715,7,722
21806,21807,2188,65,2253
21807,21808,531,12,543
21808,21809,4179,103,4282
21809,21810,1532,26,1558
21810,21811,1333,37,1370
21811,21812,1077,15,1092
21812,21813,2679,79,2758
21813,21814,2770,70,2840
21814,21815,4178,94,4272
21815,21816,212,5,217
21816,21817,1024,30,1054
21817,21818,105,2,107
21818,21819,4355,97,4452
21819,21820,5905,140,6045
21820,21821,1559,23,1582
21821,21822,539,17,556
21822,21823,484,18,502
21823,21824,411,3,414
21824,21825,7676,141,7817
21825,21826,966,14,980
21826,21827,869,5,874
21827,21828,2780,54,2834
21828,21829,6839,111,6950
21829,21830,1464,20,1484
21830,21831,1353,29,1382
21831,21832,1325,34,1359
21832,21833,4008,87,4095
21833,21834,1901,31,1932
21834,21835,629,27,656
21835,21836,3242,75,3317
21836,21837,3697,126,3823
21837,21838,1587,30,1617
21838,21839,4083,129,4212
21839,21840,62,0,62
21840,21841,23,3,26
21841,21842,2429,73,2502
21842,21843,14309,487,14796
21843,21844,580,10,590
21844,21845,593,11,604
21845,21846,754,13,767
21846,21847,754,15,769
21847,21848,4103,77,4180
21848,21849,178,2,180
21849,21850,1319,52,1371
21850,21851,1675,73,1748
21851,21852,3160,49,3209
21852,21853,164,3,167
21853,21854,1772,50,1822
21854,21855,31,1,32
21855,21856,697,13,710
21856,21857,214,11,225
21857,21858,181,3,184
21858,21859,210,8,218
21859,21860,113,0,113
21860,21861,924,18,942
21861,21862,335,4,339
21862,21863,515,13,528
21863,21864,916,41,957
21864,21865,147,3,150
21865,21866,176,4,180
21866,21867,538,11,549
21867,21868,929,37,966
21868,21869,95,0,95
21869,21870,2396,62,2458
21870,21871,251,6,257
21871,21872,677,17,694
21872,21873,612,21,633
21873,21874,724,12,736
21874,21875,55,0,55
21875,21876,213,9,222
21876,21877,55,0,55
21877,21878,140,3,143
21878,21879,6031,144,6175
21879,21880,15181,108,15289
21880,21881,315,43,358
21881,21882,941,15,956
21882,21883,854,11,865
21883,21884,127,1,128
21884,21885,154,6,160
21885,21886,192,2,194
21886,21887,1158,11,1169
21887,21888,2127,27,2154
21888,21889,71,1,72
21889,21890,55,4,59
21890,21891,157,7,164
21891,21892,69,1,70
21892,21893,328,4,332
21893,21894,218,5,223
21894,21895,570,22,592
21895,21896,632,14,646
21896,21897,39187,288,39475
21897,21898,444,6,450
21898,21899,8233,359,8592
21899,21900,89212,2275,91487
21900,21901,159,2,161
21901,21902,69,1,70
21902,21903,864,40,904
21903,21904,2358,39,2397
21904,21905,2222,18,2240
21905,21906,658,9,667
21906,21907,53,2,55
21907,21908,1377,28,1405
21908,21909,2810,84,2894
21909,21910,323,16,339
21910,21911,1195,31,1226
21911,21912,864,21,885
21912,21913,323,6,329
21913,21914,190,9,199
21914,21915,1212,16,1228
21915,21916,5229,85,5314
21916,21917,2547,61,2608
21917,21918,163,5,168
21918,21919,2845,53,2898
21919,21920,1188,24,1212
21920,21921,42,0,42
21921,21922,465,8,473
21922,21923,1569,27,1596
21923,21924,192,3,195
21924,21925,899,23,922
21925,21926,120,6,126
21926,21927,579,11,590
21927,21928,1132,31,1163
21928,21929,454,12,466
21929,21930,305,4,309
21930,21931,2103,32,2135
21931,21932,776,3,779
21932,21933,95,1,96
21933,21934,642,28,670
21934,21935,1807,37,1844
21935,21936,6,0,6
21936,21937,488,4,492
21937,21938,2966,21,2987
21938,21939,546,4,550
21939,21940,236,5,241
21940,21941,709,15,724
21941,21942,214,5,219
21942,21943,213,2,215
21943,21944,359,10,369
21944,21945,699,9,708
21945,21946,204,5,209
21946,21947,1992,54,2046
21947,21948,2307,38,2345
21948,21949,4870,56,4926
21949,21950,203,3,206
21950,21951,195,5,200
21951,21952,304,2,306
21952,21953,205,5,210
21953,21954,3170,54,3224
21954,21955,1544,20,1564
21955,21956,199,6,205
21956,21957,4183,38,4221
21957,21958,721,23,744
21958,21959,295,6,301
21959,21960,267,3,270
21960,21961,58,1,59
21961,21962,2196,44,2240
21962,21963,571,7,578
21963,21964,83,0,83
21964,21965,98,3,101
21965,21966,1125,16,1141
21966,21967,1699,36,1735
21967,21968,1150,25,1175
21968,21969,463,14,477
21969,21970,126,4,130
21970,21971,596,14,610
21971,21972,4203,249,4452
21972,21973,108,5,113
21973,21974,80,3,83
21974,21975,531,8,539
21975,21976,97,3,100
21976,21977,260,7,267
21977,21978,296,15,311
21978,21979,155,1,156
21979,21980,562,24,586
21980,21981,127,1,128
21981,21982,9982,272,10254
21982,21983,602,8,610
21983,21984,2821,58,2879
21984,21985,67,0,67
21985,21986,1567,31,1598
21986,21987,1924,210,2134
21987,21988,611,10,621
21988,21989,821,17,838
21989,21990,4413,106,4519
21990,21991,1459,22,1481
21991,21992,10369,192,10561
21992,21993,211,3,214
21993,21994,6470,87,6557
21994,21995,1134,22,1156
21995,21996,1844,38,1882
21996,21997,5154,92,5246
21997,21998,12602,122,12724
21998,21999,1902,30,1932
21999,22000,3844,85,3929
22000,22001,2924,53,2977
22001,22002,230,8,238
22002,22003,975,16,991
22003,22004,672,17,689
22004,22005,3639,136,3775
22005,22006,5980,44,6024
22006,22007,588,12,600
22007,22008,2775,79,2854
22008,22009,2411,37,2448
22009,22010,630,22,652
22010,22011,4124,74,4198
22011,22012,1212,13,1225
22012,22013,1639,68,1707
22013,22014,2213,43,2256
22014,22015,1641,64,1705
22015,22016,4146,58,4204
22016,22017,3573,49,3622
22017,22018,107,4,111
22018,22019,4141,118,4259
22019,22020,12182,305,12487
22020,22021,274,5,279
22021,22022,785,31,816
22022,22023,173,15,188
22023,22024,8369,395,8764
22024,22025,1776,290,2066
22025,22026,4627,70,4697
22026,22027,105,7,112
22027,22028,203,3,206
22028,22029,108,3,111
22029,22030,185,0,185
22030,22031,127,6,133
22031,22032,2469,27,2496
22032,22033,1159,20,1179
22033,22034,188,7,195
22034,22035,3316,60,3376
22035,22036,63,0,63
22036,22037,2911,92,3003
22037,22038,14497,187,14684
22038,22039,3134,17,3151
22039,22040,5313,50,5363
22040,22041,2925,57,2982
22041,22042,1301,20,1321
22042,22043,175,5,180
22043,22044,364,6,370
22044,22045,17542,898,18440
22045,22046,849,21,870
22046,22047,569,13,582
22047,22048,366,11,377
22048,22049,37617,208,37825
22049,22050,634,114,748
22050,22051,605,11,616
22051,22052,2186,18,2204
22052,22053,306,3,309
22053,22054,174,4,178
22054,22055,7348,171,7519
22055,22056,83,1,84
22056,22057,10901,260,11161
22057,22058,175,1,176
22058,22059,2841,44,2885
22059,22060,369,6,375
22060,22061,1648,32,1680
22061,22062,737,18,755
22062,22063,1745,17,1762
22063,22064,762,17,779
22064,22065,1099,319,1418
22065,22066,106,1,107
22066,22067,608,10,618
22067,22068,664,19,683
22068,22069,186,2,188
22069,22070,749,9,758
22070,22071,92,1,93
22071,22072,15064,934,15998
22072,22073,1523,176,1699
22073,22074,813,14,827
22074,22075,32405,486,32891
22075,22076,451,10,461
22076,22077,2868,97,2965
22077,22078,4318,78,4396
22078,22079,188,5,193
22079,22080,280,7,287
22080,22081,543,7,550
22081,22082,733,14,747
22082,22083,3242,74,3316
22083,22084,1009,25,1034
22084,22085,265,7,272
22085,22086,360,5,365
22086,22087,678,15,693
22087,22088,1191,20,1211
22088,22089,816,15,831
22089,22090,1645,25,1670
22090,22091,73,0,73
22091,22092,358,15,373
22092,22093,42,0,42
22093,22094,729,16,745
22094,22095,2478,65,2543
22095,22096,645,16,661
22096,22097,3174,70,3244
22097,22098,867,11,878
22098,22099,1786,40,1826
22099,22100,7300,208,7508
22100,22101,15859,438,16297
22101,22102,11141,299,11440
22102,22103,398,12,410
22103,22104,42,1,43
22104,22105,1779,53,1832
22105,22106,836,21,857
22106,22107,2556,68,2624
22107,22108,1799,27,1826
22108,22109,10248,185,10433
22109,22110,398,7,405
22110,22111,524,12,536
22111,22112,5618,70,5688
22112,22113,909,26,935
22113,22114,8424,80,8504
22114,22115,2928,44,2972
22115,22116,2478,46,2524
22116,22117,1846,30,1876
22117,22118,4016,77,4093
22118,22119,1147,27,1174
22119,22120,16651,127,16778
22120,22121,1154,31,1185
22121,22122,571,11,582
22122,22123,1768,15,1783
22123,22124,1938,17,1955
22124,22125,5795,68,5863
22125,22126,288,1,289
22126,22127,2954,55,3009
22127,22128,229,7,236
22128,22129,115,7,122
22129,22130,3907,93,4000
22130,22131,1823,59,1882
22131,22132,489,8,497
22132,22133,3796,88,3884
22133,22134,205,7,212
22134,22135,2016,52,2068
22135,22136,577,8,585
22136,22137,1339,19,1358
22137,22138,276,3,279
22138,22139,412,12,424
22139,22140,10680,151,10831
22140,22141,167,3,170
22141,22142,61,1,62
22142,22143,38,4,42
22143,22144,9812,124,9936
22144,22145,2757,34,2791
22145,22146,1239,21,1260
22146,22147,3104,64,3168
22147,22148,11132,180,11312
22148,22149,360,7,367
22149,22150,105,1,106
22150,22151,49,2,51
22151,22152,1158,22,1180
22152,22153,137,0,137
22153,22154,213,1,214
22154,22155,121,3,124
22155,22156,363,5,368
22156,22157,425,4,429
22157,22158,203,4,207
22158,22159,2079,19,2098
22159,22160,108,6,114
22160,22161,522,17,539
22161,22162,416,11,427
22162,22163,234,5,239
22163,22164,80,4,84
22164,22165,935,14,949
22165,22166,223,7,230
22166,22167,222,10,232
22167,22168,261,7,268
22168,22169,843,17,860
22169,22170,249,4,253
22170,22171,368,7,375
22171,22172,807,14,821
22172,22173,2355,51,2406
22173,22174,290,2,292
22174,22175,249,0,249
22175,22176,85,0,85
22176,22177,551,9,560
22177,22178,828,18,846
22178,22179,1982,42,2024
22179,22180,506,8,514
22180,22181,974,17,991
22181,22182,627,8,635
22182,22183,1537,119,1656
22183,22184,2172,46,2218
22184,22185,1202,35,1237
22185,22186,2532,53,2585
22186,22187,1606,24,1630
22187,22188,173,8,181
22188,22189,602,7,609
22189,22190,508,4,512
22190,22191,132,4,136
22191,22192,692,9,701
22192,22193,1071,22,1093
22193,22194,175,6,181
22194,22195,826,19,845
22195,22196,1236,23,1259
22196,22197,495,10,505
22197,22198,367,12,379
22198,22199,1213,26,1239
22199,22200,2165,45,2210
22200,22201,1065,18,1083
22201,22202,51,3,54
22202,22203,846,19,865
22203,22204,669,11,680
22204,22205,225,3,228
22205,22206,1036,28,1064
22206,22207,1507,96,1603
22207,22208,1480,32,1512
22208,22209,89,1,90
22209,22210,4131,121,4252
22210,22211,164,3,167
22211,22212,85,0,85
22212,22213,101,3,104
22213,22214,158,3,161
22214,22215,121,2,123
22215,22216,134,2,136
22216,22217,1574,22,1596
22217,22218,202,1,203
22218,22219,217,0,217
22219,22220,630,4,634
22220,22221,694,21,715
22221,22222,1392,34,1426
22222,22223,5181,91,5272
22223,22224,209,2,211
22224,22225,315,6,321
22225,22226,187,4,191
22226,22227,1144,23,1167
22227,22228,245,5,250
22228,22229,5993,78,6071
22229,22230,158,0,158
22230,22231,685,21,706
22231,22232,198,3,201
22232,22233,289,6,295
22233,22234,211,2,213
22234,22235,103,7,110
22235,22236,1980,35,2015
22236,22237,43,2,45
22237,22238,85,1,86
22238,22239,120,6,126
22239,22240,412,10,422
22240,22241,173,4,177
22241,22242,647,22,669
22242,22243,906,28,934
22243,22244,130,3,133
22244,22245,145,4,149
22245,22246,1115,38,1153
22246,22247,5557,204,5761
22247,22248,896,6,902
22248,22249,85,4,89
22249,22250,733,6,739
22250,22251,270,5,275
22251,22252,1172,18,1190
22252,22253,959,22,981
22253,22254,565,9,574
22254,22255,399,10,409
22255,22256,691,11,702
22256,22257,145,1,146
22257,22258,782,20,802
22258,22259,72,1,73
22259,22260,266,3,269
22260,22261,151,3,154
22261,22262,18,0,18
22262,22263,412,4,416
22263,22264,142,1,143
22264,22265,1186,31,1217
22265,22266,316,10,326
22266,22267,354,4,358
22267,22268,5908,111,6019
22268,22269,310,8,318
22269,22270,47,1,48
22270,22271,87,2,89
22271,22272,354,6,360
22272,22273,3562,102,3664
22273,22274,119,3,122
22274,22275,473,12,485
22275,22276,179,1,180
22276,22277,2217,40,2257
22277,22278,950,22,972
22278,22279,715,23,738
22279,22280,858,28,886
22280,22281,511,13,524
22281,22282,898,10,908
22282,22283,78,1,79
22283,22284,87,2,89
22284,22285,433,6,439
22285,22286,1117,22,1139
22286,22287,864,16,880
22287,22288,42,1,43
22288,22289,529,19,548
22289,22290,1175,19,1194
22290,22291,78,3,81
22291,22292,147,2,149
22292,22293,89,2,91
22293,22294,285,9,294
22294,22295,252,2,254
22295,22296,368,16,384
22296,22297,2384,76,2460
22297,22298,995,27,1022
22298,22299,1241,36,1277
22299,22300,2154,33,2187
22300,22301,1250,35,1285
22301,22302,113,3,116
22302,22303,623,14,637
22303,22304,373,5,378
22304,22305,230,7,237
22305,22306,446,8,454
22306,22307,432,12,444
22307,22308,92,2,94
22308,22309,2312,29,2341
22309,22310,347,9,356
22310,22311,379,15,394
22311,22312,234,1,235
22312,22313,244,6,250
22313,22314,572,12,584
22314,22315,697,26,723
22315,22316,344,5,349
22316,22317,426,11,437
22317,22318,198,5,203
22318,22319,501,7,508
22319,22320,1161,22,1183
22320,22321,314,5,319
22321,22322,102,3,105
22322,22323,61,2,63
22323,22324,65,2,67
22324,22325,422,8,430
22325,22326,157,3,160
22326,22327,1004,21,1025
22327,22328,618,7,625
22328,22329,896,15,911
22329,22330,154,1,155
22330,22331,146,4,150
22331,22332,837,10,847
22332,22333,309,7,316
22333,22334,949,25,974
22334,22335,148,0,148
22335,22336,134,2,136
22336,22337,281,7,288
22337,22338,1729,33,1762
22338,22339,54,0,54
22339,22340,294,9,303
22340,22341,1374,29,1403
22341,22342,4143,80,4223
22342,22343,716,18,734
22343,22344,657,16,673
22344,22345,249,5,254
22345,22346,600,15,615
22346,22347,391,7,398
22347,22348,2954,20,2974
22348,22349,3474,67,3541
22349,22350,265,10,275
22350,22351,203,4,207
22351,22352,212,2,214
22352,22353,97,3,100
22353,22354,1036,21,1057
22354,22355,586,15,601
22355,22356,1910,46,1956
22356,22357,8465,282,8747
22357,22358,322,9,331
22358,22359,1350,36,1386
22359,22360,967,181,1148
22360,22361,58,5,63
22361,22362,1043,20,1063
22362,22363,275,66,341
22363,22364,142,2,144
22364,22365,182,0,182
22365,22366,222,4,226
22366,22367,453,14,467
22367,22368,261,9,270
22368,22369,377,12,389
22369,22370,321,4,325
22370,22371,141,2,143
22371,22372,487,11,498
22372,22373,3699,40,3739
22373,22374,486,13,499
22374,22375,555,10,565
22375,22376,71,1,72
22376,22377,334,7,341
22377,22378,321,2,323
22378,22379,2220,26,2246
22379,22380,558,8,566
22380,22381,138,3,141
22381,22382,1343,115,1458
22382,22383,153,5,158
22383,22384,254,8,262
22384,22385,239,6,245
22385,22386,513,9,522
22386,22387,3124,75,3199
22387,22388,4403,40,4443
22388,22389,12132,285,12417
22389,22390,123,3,126
22390,22391,728,11,739
22391,22392,259,11,270
22392,22393,718,15,733
22393,22394,103,0,103
22394,22395,367,10,377
22395,22396,821,24,845
22396,22397,1338,31,1369
22397,22398,286,13,299
22398,22399,1028,16,1044
22399,22400,211,8,219
22400,22401,604,7,611
22401,22402,882,9,891
22402,22403,1071,16,1087
22403,22404,416,17,433
22404,22405,289,5,294
22405,22406,150,0,150
22406,22407,3667,40,3707
22407,22408,148,2,150
22408,22409,48,0,48
22409,22410,511,10,521
22410,22411,2319,55,2374
22411,22412,299,7,306
22412,22413,183,2,185
22413,22414,155,1,156
22414,22415,95,2,97
22415,22416,344,5,349
22416,22417,91,3,94
22417,22418,204,6,210
22418,22419,299,5,304
22419,22420,2291,87,2378
22420,22421,166,4,170
22421,22422,126,0,126
22422,22423,165,8,173
22423,22424,574,6,580
22424,22425,163,3,166
22425,22426,195,5,200
22426,22427,295,8,303
22427,22428,173,2,175
22428,22429,764,6,770
22429,22430,1035,99,1134
22430,22431,2957,64,3021
22431,22432,405,7,412
22432,22433,348,1,349
22433,22434,81,2,83
22434,22435,185,2,187
22435,22436,248,5,253
22436,22437,710,10,720
22437,22438,809,3,812
22438,22439,3220,70,3290
22439,22440,425,16,441
22440,22441,190,2,192
22441,22442,1393,43,1436
22442,22443,1237,27,1264
22443,22444,442,9,451
22444,22445,181,1,182
22445,22446,445,17,462
22446,22447,153,1,154
22447,22448,1200,31,1231
22448,22449,1823,27,1850
22449,22450,2123,24,2147
22450,22451,251,4,255
22451,22452,505,9,514
22452,22453,86,3,89
22453,22454,2507,49,2556
22454,22455,44,0,44
22455,22456,694,12,706
22456,22457,658,0,658
22457,22458,126,1,127
22458,22459,362,4,366
22459,22460,208,4,212
22460,22461,115,6,121
22461,22462,1993,24,2017
22462,22463,458,12,470
22463,22464,720,15,735
22464,22465,123,5,128
22465,22466,237,3,240
22466,22467,568,10,578
22467,22468,685,15,700
22468,22469,208,6,214
22469,22470,250,13,263
22470,22471,512,9,521
22471,22472,8711,239,8950
22472,22473,242,1,243
22473,22474,295,9,304
22474,22475,111,0,111
22475,22476,391,7,398
22476,22477,359,5,364
22477,22478,7341,213,7554
22478,22479,283,15,298
22479,22480,1159,17,1176
22480,22481,681,13,694
22481,22482,652,7,659
22482,22483,556,3,559
22483,22484,45,0,45
22484,22485,31,3,34
22485,22486,819,21,840
22486,22487,126,1,127
22487,22488,1840,81,1921
22488,22489,4357,51,4408
22489,22490,8062,108,8170
22490,22491,731,21,752
22491,22492,154,0,154
22492,22493,2325,33,2358
22493,22494,950,40,990
22494,22495,1184,17,1201
22495,22496,62,1,63
22496,22497,616,13,629
22497,22498,265,9,274
22498,22499,6556,124,6680
22499,22500,220,5,225
22500,22501,264,1,265
22501,22502,1152,23,1175
22502,22503,691,8,699
22503,22504,3424,58,3482
22504,22505,258,4,262
22505,22506,24,0,24
22506,22507,113,3,116
22507,22508,583,11,594
22508,22509,411,3,414
22509,22510,3563,32,3595
22510,22511,217,6,223
22511,22512,852,12,864
22512,22513,426,8,434
22513,22514,652,5,657
22514,22515,311,12,323
22515,22516,1348,23,1371
22516,22517,823,21,844
22517,22518,3037,50,3087
22518,22519,128,4,132
22519,22520,216,5,221
22520,22521,207,4,211
22521,22522,441,15,456
22522,22523,1578,39,1617
22523,22524,3921,131,4052
22524,22525,644,14,658
22525,22526,622,19,641
22526,22527,528,6,534
22527,22528,830,16,846
22528,22529,383,10,393
22529,22530,403,54,457
22530,22531,1151,20,1171
22531,22532,56,0,56
22532,22533,5077,62,5139
22533,22534,3017,77,3094
22534,22535,403,9,412
22535,22536,92,4,96
22536,22537,156,5,161
22537,22538,165,4,169
22538,22539,244,3,247
22539,22540,576,6,582
22540,22541,335,9,344
22541,22542,1455,49,1504
22542,22543,4191,38,4229
22543,22544,2106,29,2135
22544,22545,166,3,169
22545,22546,547,14,561
22546,22547,2140,32,2172
22547,22548,45157,289,45446
22548,22549,294,5,299
22549,22550,3089,45,3134
22550,22551,1009,24,1033
22551,22552,80,0,80
22552,22553,121,0,121
22553,22554,234,5,239
22554,22555,2790,46,2836
22555,22556,150,3,153
22556,22557,453,23,476
22557,22558,167,5,172
22558,22559,150,5,155
22559,22560,887,29,916
22560,22561,524,20,544
22561,22562,301,5,306
22562,22563,273,9,282
22563,22564,290,4,294
22564,22565,321,7,328
22565,22566,512,5,517
22566,22567,1940,29,1969
22567,22568,418,11,429
22568,22569,638,9,647
22569,22570,1015,18,1033
22570,22571,213,3,216
22571,22572,745,14,759
22572,22573,447,9,456
22573,22574,452,11,463
22574,22575,746,11,757
22575,22576,552,9,561
22576,22577,232,1,233
22577,22578,60,2,62
22578,22579,379,8,387
22579,22580,453,21,474
22580,22581,3510,80,3590
22581,22582,379,5,384
22582,22583,86,4,90
22583,22584,331,8,339
22584,22585,694,25,719
22585,22586,3160,72,3232
22586,22587,160,9,169
22587,22588,1783,103,1886
22588,22589,291,5,296
22589,22590,679,13,692
22590,22591,919,15,934
22591,22592,2369,146,2515
22592,22593,580,12,592
22593,22594,307,9,316
22594,22595,105,3,108
22595,22596,1125,17,1142
22596,22597,657,6,663
22597,22598,201,0,201
22598,22599,543,9,552
22599,22600,240,4,244
22600,22601,139,4,143
22601,22602,74,3,77
22602,22603,63,1,64
22603,22604,830,14,844
22604,22605,293,3,296
22605,22606,146,3,149
22606,22607,499,11,510
22607,22608,101,1,102
22608,22609,80,0,80
22609,22610,121,1,122
22610,22611,66,3,69
22611,22612,2712,43,2755
22612,22613,608,23,631
22613,22614,116,4,120
22614,22615,108,2,110
22615,22616,2352,54,2406
22616,22617,28,2,30
22617,22618,193,9,202
22618,22619,139,6,145
22619,22620,851,10,861
22620,22621,1839,26,1865
22621,22622,55,1,56
22622,22623,159,5,164
22623,22624,7996,89,8085
22624,22625,267,8,275
22625,22626,10487,267,10754
22626,22627,3738,100,3838
22627,22628,2019,26,2045
22628,22629,783,9,792
22629,22630,1087,30,1117
22630,22631,366,2,368
22631,22632,199,3,202
22632,22633,8542,42,8584
22633,22634,1040,17,1057
22634,22635,89,1,90
22635,22636,50,0,50
22636,22637,2256,31,2287
22637,22638,129,7,136
22638,22639,548,11,559
22639,22640,1017,13,1030
22640,22641,2705,52,2757
22641,22642,1507,32,1539
22642,22643,1580,27,1607
22643,22644,57,4,61
22644,22645,148,3,151
22645,22646,1004,38,1042
22646,22647,29896,1580,31476
22647,22648,1194,16,1210
22648,22649,9016,122,9138
22649,22650,192,2,194
22650,22651,2717,55,2772
22651,22652,6520,291,6811
22652,22653,7577,207,7784
22653,22654,918,19,937
22654,22655,269,4,273
22655,22656,1273,32,1305
22656,22657,1176,41,1217
22657,22658,1174,14,1188
22658,22659,59,2,61
22659,22660,138,1,139
22660,22661,46,3,49
22661,22662,205,3,208
22662,22663,386,4,390
22663,22664,8002,271,8273
22664,22665,40,0,40
22665,22666,3812,55,3867
22666,22667,236,10,246
22667,22668,2648,27,2675
22668,22669,108,2,110
22669,22670,897,33,930
22670,22671,479,4,483
22671,22672,1796,26,1822
22672,22673,3077,26,3103
22673,22674,633,20,653
22674,22675,51,0,51
22675,22676,237,3,240
22676,22677,435,6,441
22677,22678,782,18,800
22678,22679,1129,26,1155
22679,22680,547,11,558
22680,22681,782,24,806
22681,22682,2121,64,2185
22682,22683,555,18,573
22683,22684,102,3,105
22684,22685,1078,26,1104
22685,22686,381,8,389
22686,22687,1313,29,1342
22687,22688,483,14,497
22688,22689,249,3,252
22689,22690,200,4,204
22690,22691,275,2,277
22691,22692,42,0,42
22692,22693,451,7,458
22693,22694,1689,33,1722
22694,22695,632,17,649
22695,22696,326,7,333
22696,22697,176,5,181
22697,22698,543,18,561
22698,22699,428,5,433
22699,22700,6931,62,6993
22700,22701,691,3,694
22701,22702,3856,225,4081
22702,22703,7862,274,8136
22703,22704,318,8,326
22704,22705,68,0,68
22705,22706,9099,381,9480
22706,22707,1779,30,1809
22707,22708,391,5,396
22708,22709,3199,65,3264
22709,22710,90,5,95
22710,22711,289,6,295
22711,22712,1085,10,1095
22712,22713,589,15,604
22713,22714,97,2,99
22714,22715,1367,15,1382
22715,22716,333,12,345
22716,22717,467,15,482
22717,22718,210,9,219
22718,22719,4658,91,4749
22719,22720,541,14,555
22720,22721,865,23,888
22721,22722,666,5,671
22722,22723,1133,22,1155
22723,22724,411,5,416
22724,22725,627,23,650
22725,22726,64,0,64
22726,22727,3212,108,3320
22727,22728,833,8,841
22728,22729,1386,10,1396
22729,22730,63283,2478,65761
22730,22731,12220,458,12678
22731,22732,3097,88,3185
22732,22733,401,16,417
22733,22734,63,2,65
22734,22735,507,12,519
22735,22736,102,1,103
22736,22737,3495,50,3545
22737,22738,1331,34,1365
22738,22739,859,18,877
22739,22740,57,1,58
22740,22741,134,6,140
22741,22742,5439,54,5493
22742,22743,204,2,206
22743,22744,9426,47,9473
22744,22745,60,0,60
22745,22746,1441,14,1455
22746,22747,316,3,319
22747,22748,848,21,869
22748,22749,377,9,386
22749,22750,407,8,415
22750,22751,1512,25,1537
22751,22752,5896,118,6014
22752,22753,1252,50,1302
22753,22754,1686,38,1724
22754,22755,362,11,373
22755,22756,253,6,259
22756,22757,50,0,50
22757,22758,2867,200,3067
22758,22759,2160,56,2216
22759,22760,267,6,273
22760,22761,52,2,54
22761,22762,322,2,324
22762,22763,3299,33,3332
22763,22764,1416,23,1439
22764,22765,654,18,672
22765,22766,144,3,147
22766,22767,423,19,442
22767,22768,297,3,300
22768,22769,731,13,744
22769,22770,136,2,138
22770,22771,6362,33,6395
22771,22772,1802,21,1823
22772,22773,647,8,655
22773,22774,1578,37,1615
22774,22775,1194,17,1211
22775,22776,1114,34,1148
22776,22777,136,1,137
22777,22778,870,20,890
22778,22779,8770,238,9008
22779,22780,3976,111,4087
22780,22781,1025,13,1038
22781,22782,351,43,394
22782,22783,236,3,239
22783,22784,5713,146,5859
22784,22785,1447,25,1472
22785,22786,366,5,371
22786,22787,87,0,87
22787,22788,93,1,94
22788,22789,106,2,108
22789,22790,770,12,782
22790,22791,168,5,173
22791,22792,2234,31,2265
22792,22793,624,13,637
22793,22794,158,9,167
22794,22795,829,22,851
22795,22796,1067,16,1083
22796,22797,662,2,664
22797,22798,270,163,433
22798,22799,1401,19,1420
22799,22800,371,2,373
22800,22801,515,7,522
22801,22802,1113,26,1139
22802,22803,504,9,513
22803,22804,103,2,105
22804,22805,309,5,314
22805,22806,151,9,160
22806,22807,737,19,756
22807,22808,125,0,125
22808,22809,1406,30,1436
22809,22810,193,0,193
22810,22811,2179,40,2219
22811,22812,26,1,27
22812,22813,199,4,203
22813,22814,82,4,86
22814,22815,4008,55,4063
22815,22816,266,10,276
22816,22817,271,6,277
22817,22818,116,0,116
22818,22819,73,4,77
22819,22820,1010,7,1017
22820,22821,177,2,179
22821,22822,279,12,291
22822,22823,918,25,943
22823,22824,12324,64,12388
22824,22825,53,1,54
22825,22826,262,5,267
22826,22827,451,9,460
22827,22828,248,3,251
22828,22829,124,6,130
22829,22830,979,16,995
22830,22831,330,6,336
22831,22832,2115,48,2163
22832,22833,378,17,395
22833,22834,5096,135,5231
22834,22835,107,1,108
22835,22836,27141,495,27636
22836,22837,187,5,192
22837,22838,284,2,286
22838,22839,340,7,347
22839,22840,191,4,195
22840,22841,409,4,413
22841,22842,146,5,151
22842,22843,602,7,609
22843,22844,229,6,235
22844,22845,1889,135,2024
22845,22846,14600,317,14917
22846,22847,250,7,257
22847,22848,494,6,500
22848,22849,228,1,229
22849,22850,168,5,173
22850,22851,201,6,207
22851,22852,145,0,145
22852,22853,826,7,833
22853,22854,100,2,102
22854,22855,396,6,402
22855,22856,723,22,745
22856,22857,45,2,47
22857,22858,322,10,332
22858,22859,504,4,508
22859,22860,262,3,265
22860,22861,488,11,499
22861,22862,61,1,62
22862,22863,184,1,185
22863,22864,591,8,599
22864,22865,726,17,743
22865,22866,1591,15,1606
22866,22867,122,2,124
22867,22868,401,4,405
22868,22869,4307,117,4424
22869,22870,63,1,64
22870,22871,183,5,188
22871,22872,847,18,865
22872,22873,1076,47,1123
22873,22874,313,6,319
22874,22875,532,7,539
22875,22876,393,2,395
22876,22877,801,17,818
22877,22878,635,13,648
22878,22879,628,11,639
22879,22880,2541,23,2564
22880,22881,200,3,203
22881,22882,797,23,820
22882,22883,1909,27,1936
22883,22884,175,2,177
22884,22885,16,0,16
22885,22886,86,1,87
22886,22887,115,0,115
22887,22888,1228,18,1246
22888,22889,6205,141,6346
22889,22890,37,0,37
22890,22891,147,2,149
22891,22892,26,0,26
22892,22893,158,0,158
22893,22894,23,0,23
22894,22895,48,0,48
22895,22896,33,0,33
22896,22897,127,5,132
22897,22898,224,7,231
22898,22899,151,2,153
22899,22900,138,5,143
22900,22901,803,20,823
22901,22902,380,8,388
22902,22903,266,12,278
22903,22904,366,5,371
22904,22905,245,2,247
22905,22906,940,24,964
22906,22907,222,2,224
22907,22908,162,1,163
22908,22909,824,13,837
22909,22910,269,8,277
22910,22911,194,3,197
22911,22912,1116,26,1142
22912,22913,370,6,376
22913,22914,209,2,211
22914,22915,1236,25,1261
22915,22916,654,10,664
22916,22917,762,15,777
22917,22918,1071,13,1084
22918,22919,471,7,478
22919,22920,229,13,242
22920,22921,256,2,258
22921,22922,102,0,102
22922,22923,453,12,465
22923,22924,718,17,735
22924,22925,212,3,215
22925,22926,239,7,246
22926,22927,180,2,182
22927,22928,179,2,181
22928,22929,334,5,339
22929,22930,667,13,680
22930,22931,236,1,237
22931,22932,305,1,306
22932,22933,339,10,349
22933,22934,2392,41,2433
22934,22935,355,7,362
22935,22936,35,1,36
22936,22937,245,9,254
22937,22938,298,5,303
22938,22939,231,6,237
22939,22940,1173,13,1186
22940,22941,2292,24,2316
22941,22942,367,4,371
22942,22943,147,1,148
22943,22944,278,7,285
22944,22945,472,25,497
22945,22946,274,3,277
22946,22947,104,0,104
22947,22948,1076,22,1098
22948,22949,188,2,190
22949,22950,263,2,265
22950,22951,1311,16,1327
22951,22952,91,2,93
22952,22953,351,8,359
22953,22954,303,16,319
22954,22955,236,3,239
22955,22956,614,22,636
22956,22957,667,3,670
22957,22958,253,3,256
22958,22959,260,7,267
22959,22960,172,6,178
22960,22961,104,0,104
22961,22962,124,0,124
22962,22963,273,5,278
22963,22964,644,13,657
22964,22965,2446,24,2470
22965,22966,39,3,42
22966,22967,223,9,232
22967,22968,1033,30,1063
22968,22969,4097,58,4155
22969,22970,9287,745,10032
22970,22971,85,5,90
22971,22972,376,6,382
22972,22973,77,4,81
22973,22974,513,4,517
22974,22975,215,1,216
22975,22976,96,2,98
22976,22977,387,7,394
22977,22978,123,3,126
22978,22979,199,5,204
22979,22980,122,2,124
22980,22981,741,32,773
22981,22982,51,0,51
22982,22983,356,6,362
22983,22984,1048,15,1063
22984,22985,209,2,211
22985,22986,141,1,142
22986,22987,298,9,307
22987,22988,5402,84,5486
22988,22989,4397,41,4438
22989,22990,761,17,778
22990,22991,1278,18,1296
22991,22992,382,3,385
22992,22993,39,3,42
22993,22994,8072,196,8268
22994,22995,237,3,240
22995,22996,1094,22,1116
22996,22997,143,0,143
22997,22998,146,2,148
22998,22999,1680,37,1717
22999,23000,78,2,80
23000,23001,129,2,131
23001,23002,181194,2920,184114
23002,23003,223,3,226
23003,23004,448,6,454
23004,23005,1979,25,2004
23005,23006,850,12,862
23006,23007,55,1,56
23007,23008,242,1,243
23008,23009,199,11,210
23009,23010,342,4,346
23010,23011,466,9,475
23011,23012,451,2,453
23012,23013,32,0,32
23013,23014,177,1,178
23014,23015,132,0,132
23015,23016,466,8,474
23016,23017,330,8,338
23017,23018,161,1,162
23018,23019,50,0,50
23019,23020,158,4,162
23020,23021,60,1,61
23021,23022,168,3,171
23022,23023,237,1,238
23023,23024,430,7,437
23024,23025,1072,12,1084
23025,23026,784,15,799
23026,23027,357,6,363
23027,23028,151,0,151
23028,23029,251,4,255
23029,23030,892,11,903
23030,23031,26358,381,26739
23031,23032,7691,301,7992
23032,23033,134,0,134
23033,23034,453,9,462
23034,23035,457,4,461
23035,23036,573,10,583
23036,23037,425,11,436
23037,23038,1958,34,1992
23038,23039,2259,43,2302
23039,23040,217,4,221
23040,23041,149,4,153
23041,23042,1920,39,1959
23042,23043,1034,22,1056
23043,23044,3467,51,3518
23044,23045,3198,106,3304
23045,23046,157,4,161
23046,23047,109,3,112
23047,23048,121,3,124
23048,23049,175,4,179
23049,23050,2529,58,2587
23050,23051,324,6,330
23051,23052,2120,30,2150
23052,23053,110,4,114
23053,23054,131,5,136
23054,23055,220488,4167,224655
23055,23056,103,2,105
23056,23057,93,4,97
23057,23058,201,1,202
23058,23059,109,6,115
23059,23060,111,4,115
23060,23061,545,13,558
23061,23062,60,4,64
23062,23063,103,0,103
23063,23064,598,18,616
23064,23065,517,19,536
23065,23066,1652,58,1710
23066,23067,447,5,452
23067,23068,386,5,391
23068,23069,46,3,49
23069,23070,105,1,106
23070,23071,81,0,81
23071,23072,96,4,100
23072,23073,3791,91,3882
23073,23074,343,10,353
23074,23075,1142,10,1152
23075,23076,387,15,402
23076,23077,769,8,777
23077,23078,1700,28,1728
23078,23079,1149,26,1175
23079,23080,2109,29,2138
23080,23081,276,1,277
23081,23082,7467,297,7764
23082,23083,346,13,359
23083,23084,630,23,653
23084,23085,351,6,357
23085,23086,4438,96,4534
23086,23087,356,1,357
23087,23088,1357,29,1386
23088,23089,2990,58,3048
23089,23090,279,6,285
23090,23091,770,65,835
23091,23092,2092,16,2108
23092,23093,704,10,714
23093,23094,284,27,311
23094,23095,1751,33,1784
23095,23096,280,18,298
23096,23097,826,7,833
23097,23098,331,6,337
23098,23099,521,13,534
23099,23100,192,9,201
23100,23101,150,2,152
23101,23102,352,8,360
23102,23103,393,10,403
23103,23104,63,0,63
23104,23105,134,2,136
23105,23106,391,6,397
23106,23107,9637,297,9934
23107,23108,1051,26,1077
23108,23109,497,8,505
23109,23110,20,0,20
23110,23111,1974,35,2009
23111,23112,22,1,23
23112,23113,88,1,89
23113,23114,258,6,264
23114,23115,525,11,536
23115,23116,231,0,231
23116,23117,554,12,566
23117,23118,243,12,255
23118,23119,2802,51,2853
23119,23120,5836,124,5960
23120,23121,888,29,917
23121,23122,201,1,202
23122,23123,1977,33,2010
23123,23124,375,7,382
23124,23125,188,3,191
23125,23126,126,1,127
23126,23127,862,24,886
23127,23128,1255,20,1275
23128,23129,372,10,382
23129,23130,4984,140,5124
23130,23131,989,14,1003
23131,23132,504,9,513
23132,23133,204,5,209
23133,23134,496,6,502
23134,23135,62,1,63
23135,23136,42919,791,43710
23136,23137,2670,31,2701
23137,23138,128,1,129
23138,23139,118,3,121
23139,23140,136,8,144
23140,23141,221,4,225
23141,23142,161,3,164
23142,23143,1348,30,1378
23143,23144,2358,58,2416
23144,23145,971,19,990
23145,23146,5821,144,5965
23146,23147,477,9,486
23147,23148,47,0,47
23148,23149,310,6,316
23149,23150,83,1,84
23150,23151,270,4,274
23151,23152,2113,48,2161
23152,23153,65,1,66
23153,23154,60,0,60
23154,23155,4665,176,4841
23155,23156,1937,38,1975
23156,23157,648,12,660
23157,23158,315,7,322
23158,23159,114,0,114
23159,23160,111,5,116
23160,23161,49,0,49
23161,23162,3705,174,3879
23162,23163,373,5,378
23163,23164,3844,148,3992
23164,23165,180,7,187
23165,23166,67,2,69
23166,23167,2329,25,2354
23167,23168,393,11,404
23168,23169,187,2,189
23169,23170,1593,25,1618
23170,23171,58,0,58
23171,23172,1664,18,1682
23172,23173,351,7,358
23173,23174,2092,42,2134
23174,23175,537,81,618
23175,23176,136,2,138
23176,23177,267,4,271
23177,23178,360,2,362
23178,23179,3692,59,3751
23179,23180,57,2,59
23180,23181,306,4,310
23181,23182,4180,118,4298
23182,23183,12520,326,12846
23183,23184,1108,20,1128
23184,23185,92,0,92
23185,23186,175,7,182
23186,23187,32,1,33
23187,23188,253,5,258
23188,23189,95,2,97
23189,23190,632,40,672
23190,23191,56,0,56
23191,23192,712,12,724
23192,23193,1261,26,1287
23193,23194,137,2,139
23194,23195,3578,86,3664
23195,23196,1949,72,2021
23196,23197,77,5,82
23197,23198,1548,21,1569
23198,23199,1949,26,1975
23199,23200,2611,56,2667
23200,23201,1284,35,1319
23201,23202,1432,9,1441
23202,23203,85,7,92
23203,23204,1726,39,1765
23204,23205,648,2,650
23205,23206,184,2,186
23206,23207,1991,142,2133
23207,23208,375,19,394
23208,23209,1032,18,1050
23209,23210,116,3,119
23210,23211,115,1,116
23211,23212,604,9,613
23212,23213,50,2,52
23213,23214,511,13,524
23214,23215,161,2,163
23215,23216,358,13,371
23216,23217,325,7,332
23217,23218,626,11,637
23218,23219,175,7,182
23219,23220,373,2,375
23220,23221,4608,65,4673
23221,23222,113,5,118
23222,23223,305,11,316
23223,23224,94,3,97
23224,23225,30697,366,31063
23225,23226,233,5,238
23226,23227,1020,22,1042
23227,23228,132,2,134
23228,23229,476,6,482
23229,23230,471,9,480
23230,23231,312,2,314
23231,23232,671,8,679
23232,23233,188,0,188
23233,23234,446,11,457
23234,23235,192,2,194
23235,23236,104,0,104
23236,23237,169,4,173
23237,23238,593,21,614
23238,23239,652,17,669
23239,23240,1342,21,1363
23240,23241,24,0,24
23241,23242,198,4,202
23242,23243,529,20,549
23243,23244,345,4,349
23244,23245,91,5,96
23245,23246,306,10,316
23246,23247,439,11,450
23247,23248,3038,30,3068
23248,23249,192,5,197
23249,23250,51,1,52
23250,23251,739,26,765
23251,23252,19004,758,19762
23252,23253,2479,62,2541
23253,23254,25,1,26
23254,23255,3023,42,3065
23255,23256,1525,36,1561
23256,23257,10848,280,11128
23257,23258,1179,18,1197
23258,23259,986,18,1004
23259,23260,225,3,228
23260,23261,2297,75,2372
23261,23262,1090,19,1109
23262,23263,747,9,756
23263,23264,29745,182,29927
23264,23265,1829,100,1929
23265,23266,655,18,673
23266,23267,908,16,924
23267,23268,224,3,227
23268,23269,987,14,1001
23269,23270,698,20,718
23270,23271,14978,121,15099
23271,23272,625,15,640
23272,23273,2305,43,2348
23273,23274,266,7,273
23274,23275,210,3,213
23275,23276,156,3,159
23276,23277,328,2,330
23277,23278,3599,34,3633
23278,23279,6668,83,6751
23279,23280,1329,47,1376
23280,23281,3051,110,3161
23281,23282,4217,171,4388
23282,23283,2094,51,2145
23283,23284,2886,52,2938
23284,23285,5651,94,5745
23285,23286,4148,66,4214
23286,23287,8888,142,9030
23287,23288,294,12,306
23288,23289,703,20,723
23289,23290,11877,143,12020
23290,23291,1257,29,1286
23291,23292,11874,237,12111
23292,23293,196,4,200
23293,23294,1039,27,1066
23294,23295,1996,31,2027
23295,23296,69,0,69
23296,23297,589,11,600
23297,23298,163,9,172
23298,23299,82,0,82
23299,23300,14204,201,14405
23300,23301,128,1,129
23301,23302,1742,27,1769
23302,23303,634,9,643
23303,23304,33809,738,34547
23304,23305,1098,31,1129
23305,23306,1342,23,1365
23306,23307,198,3,201
23307,23308,782,24,806
23308,23309,222,5,227
23309,23310,356,12,368
23310,23311,823,15,838
23311,23312,4631,75,4706
23312,23313,106,8,114
23313,23314,623,20,643
23314,23315,5250,68,5318
23315,23316,2128,56,2184
23316,23317,41,1,42
23317,23318,464,14,478
23318,23319,110,0,110
23319,23320,486,2,488
23320,23321,152,2,154
23321,23322,9884,92,9976
23322,23323,94,0,94
23323,23324,2157,26,2183
23324,23325,101,0,101
23325,23326,62,0,62
23326,23327,122,0,122
23327,23328,56,0,56
23328,23329,125,2,127
23329,23330,3767,51,3818
23330,23331,216,7,223
23331,23332,3145,90,3235
23332,23333,23584,682,24266
23333,23334,860,143,1003
23334,23335,1023,20,1043
23335,23336,7629,185,7814
23336,23337,641,13,654
23337,23338,361,9,370
23338,23339,907,38,945
23339,23340,41,0,41
23340,23341,2323,59,2382
23341,23342,677,5,682
23342,23343,64,1,65
23343,23344,1,0,1
23344,23345,1640,46,1686
23345,23346,711,24,735
23346,23347,2292,52,2344
23347,23348,242,8,250
23348,23349,276,4,280
23349,23350,369,3,372
23350,23351,553,11,564
23351,23352,2034,32,2066
23352,23353,617,14,631
23353,23354,556,3,559
23354,23355,3400,47,3447
23355,23356,457,9,466
23356,23357,686,17,703
23357,23358,168,2,170
23358,23359,1536,41,1577
23359,23360,1090,40,1130
23360,23361,988,9,997
23361,23362,597,15,612
23362,23363,186,2,188
23363,23364,992,16,1008
23364,23365,382,3,385
23365,23366,784,18,802
23366,23367,307,4,311
23367,23368,319,8,327
23368,23369,793,18,811
23369,23370,195,1,196
23370,23371,289,14,303
23371,23372,287,0,287
23372,23373,2283,29,2312
23373,23374,216,7,223
23374,23375,250,5,255
23375,23376,540,6,546
23376,23377,1067,45,1112
23377,23378,1265,32,1297
23378,23379,902,30,932
23379,23380,374,6,380
23380,23381,24475,1935,26410
23381,23382,2851,172,3023
23382,23383,113,1,114
23383,23384,628,6,634
23384,23385,141,4,145
23385,23386,627,18,645
23386,23387,1574,17,1591
23387,23388,466,13,479
23388,23389,538,11,549
23389,23390,230,6,236
23390,23391,12086,123,12209
23391,23392,487,6,493
23392,23393,4637,126,4763
23393,23394,48,0,48
23394,23395,4058,58,4116
23395,23396,104,1,105
23396,23397,657,17,674
23397,23398,106,2,108
23398,23399,127,2,129
23399,23400,106,1,107
23400,23401,156,3,159
23401,23402,126,3,129
23402,23403,1636,44,1680
23403,23404,340,3,343
23404,23405,2313,49,2362
23405,23406,1613,13,1626
23406,23407,2746,84,2830
23407,23408,753,20,773
23408,23409,154,7,161
23409,23410,49,1,50
23410,23411,1340,25,1365
23411,23412,107,1,108
23412,23413,1593,19,1612
23413,23414,980,33,1013
23414,23415,316,7,323
23415,23416,22851,82,22933
23416,23417,2833,26,2859
23417,23418,133,4,137
23418,23419,220,3,223
23419,23420,1413,30,1443
23420,23421,256,6,262
23421,23422,315,9,324
23422,23423,281,35,316
23423,23424,375,3,378
23424,23425,1186,18,1204
23425,23426,770,19,789
23426,23427,867,11,878
23427,23428,7791,178,7969
23428,23429,905,92,997
23429,23430,185,4,189
23430,23431,122,3,125
23431,23432,1584,31,1615
23432,23433,280,5,285
23433,23434,1278,43,1321
23434,23435,221,6,227
23435,23436,2458,55,2513
23436,23437,124,2,126
23437,23438,51,0,51
23438,23439,91,1,92
23439,23440,30087,84,30171
23440,23441,201,2,203
23441,23442,597,4,601
23442,23443,33098,680,33778
23443,23444,1214,17,1231
23444,23445,2021,33,2054
23445,23446,70,1,71
23446,23447,248,3,251
23447,23448,771,23,794
23448,23449,9861,99,9960
23449,23450,760,3,763
23450,23451,44,2,46
23451,23452,593,9,602
23452,23453,348,2,350
23453,23454,1704,21,1725
23454,23455,500,13,513
23455,23456,469,7,476
23456,23457,163,2,165
23457,23458,531,8,539
23458,23459,161,6,167
23459,23460,187,8,195
23460,23461,217,5,222
23461,23462,21,2,23
23462,23463,133,3,136
23463,23464,317,10,327
23464,23465,3288,52,3340
23465,23466,14480,318,14798
23466,23467,4032,73,4105
23467,23468,375,8,383
23468,23469,17924,471,18395
23469,23470,1126,30,1156
23470,23471,159,2,161
23471,23472,799,10,809
23472,23473,2735,28,2763
23473,23474,87,1,88
23474,23475,461,8,469
23475,23476,1209,22,1231
23476,23477,19294,120,19414
23477,23478,184,6,190
23478,23479,135,0,135
23479,23480,1018,10,1028
23480,23481,13482,129,13611
23481,23482,37,1,38
23482,23483,550,8,558
23483,23484,172,3,175
23484,23485,639,23,662
23485,23486,866,8,874
23486,23487,570,7,577
23487,23488,591,5,596
23488,23489,1157,18,1175
23489,23490,849,16,865
23490,23491,89,5,94
23491,23492,6037,48,6085
23492,23493,1040,31,1071
23493,23494,1010,8,1018
23494,23495,696,10,706
23495,23496,98,3,101
23496,23497,1833,49,1882
23497,23498,604,11,615
23498,23499,212,5,217
23499,23500,12839,202,13041
23500,23501,14937,191,15128
23501,23502,401,9,410
23502,23503,2187,46,2233
23503,23504,136,6,142
23504,23505,260,6,266
23505,23506,294,4,298
23506,23507,147,4,151
23507,23508,1898,49,1947
23508,23509,83,0,83
23509,23510,990,18,1008
23510,23511,6015,74,6089
23511,23512,93,2,95
23512,23513,7183,195,7378
23513,23514,794,13,807
23514,23515,554,15,569
23515,23516,80,1,81
23516,23517,562,23,585
23517,23518,103,4,107
23518,23519,5545,66,5611
23519,23520,33,2,35
23520,23521,210,3,213
23521,23522,4757,54,4811
23522,23523,97,1,98
23523,23524,577,8,585
23524,23525,756,19,775
23525,23526,275,2,277
23526,23527,1936,49,1985
23527,23528,4212,68,4280
23528,23529,8713,124,8837
23529,23530,131,4,135
23530,23531,122,2,124
23531,23532,50,1,51
23532,23533,371,8,379
23533,23534,469,9,478
23534,23535,123,0,123
23535,23536,516,6,522
23536,23537,49,3,52
23537,23538,747,11,758
23538,23539,836,29,865
23539,23540,3489,85,3574
23540,23541,535,11,546
23541,23542,2371,49,2420
23542,23543,661,14,675
23543,23544,546,4,550
23544,23545,254,3,257
23545,23546,5221,112,5333
23546,23547,1086,34,1120
23547,23548,176,4,180
23548,23549,275,5,280
23549,23550,139,4,143
23550,23551,2870,28,2898
23551,23552,235,2,237
23552,23553,3017,25,3042
23553,23554,4521,347,4868
23554,23555,116,4,120
23555,23556,48,2,50
23556,23557,363,10,373
23557,23558,171,8,179
23558,23559,959,26,985
23559,23560,46024,174,46198
23560,23561,6883,46,6929
23561,23562,1090,32,1122
23562,23563,603,7,610
23563,23564,1763,56,1819
23564,23565,69,5,74
23565,23566,7614,162,7776
23566,23567,2650,20,2670
23567,23568,1024,9,1033
23568,23569,153,6,159
23569,23570,522,11,533
23570,23571,3056,324,3380
23571,23572,1931,27,1958
23572,23573,80,2,82
23573,23574,156,6,162
23574,23575,220,6,226
23575,23576,1550,20,1570
23576,23577,470,1,471
23577,23578,368,12,380
23578,23579,222,0,222
23579,23580,138,4,142
23580,23581,2448,71,2519
23581,23582,469,10,479
23582,23583,297,9,306
23583,23584,23,0,23
23584,23585,652,9,661
23585,23586,378,7,385
23586,23587,3069,38,3107
23587,23588,98828,466,99294
23588,23589,505,13,518
23589,23590,120,3,123
23590,23591,456,7,463
23591,23592,394,10,404
23592,23593,705,14,719
23593,23594,25,0,25
23594,23595,112321,1613,113934
23595,23596,268,6,274
23596,23597,800,16,816
23597,23598,68,0,68
23598,23599,791,7,798
23599,23600,4302,236,4538
23600,23601,113,2,115
23601,23602,120,1,121
23602,23603,1931,41,1972
23603,23604,452,11,463
23604,23605,80,1,81
23605,23606,414,9,423
23606,23607,1628,35,1663
23607,23608,301,6,307
23608,23609,190,4,194
23609,23610,111,5,116
23610,23611,367,4,371
23611,23612,89,3,92
23612,23613,966,25,991
23613,23614,149,1,150
23614,23615,1497,65,1562
23615,23616,1045,17,1062
23616,23617,92,0,92
23617,23618,152,2,154
23618,23619,250,4,254
23619,23620,104,2,106
23620,23621,1662,30,1692
23621,23622,406,5,411
23622,23623,484,11,495
23623,23624,121,0,121
23624,23625,2185,42,2227
23625,23626,75,2,77
23626,23627,2005,52,2057
23627,23628,2964,49,3013
23628,23629,2316,319,2635
23629,23630,489,6,495
23630,23631,388,4,392
23631,23632,513,45,558
23632,23633,2496,185,2681
23633,23634,2187,29,2216
23634,23635,1130,23,1153
23635,23636,472,13,485
23636,23637,4277,69,4346
23637,23638,528,9,537
23638,23639,1524,27,1551
23639,23640,166,8,174
23640,23641,247,4,251
23641,23642,738,10,748
23642,23643,314,10,324
23643,23644,1929,35,1964
23644,23645,362,9,371
23645,23646,200,3,203
23646,23647,282,7,289
23647,23648,236,8,244
23648,23649,3458,54,3512
23649,23650,119,4,123
23650,23651,4072,53,4125
23651,23652,382,8,390
23652,23653,86,3,89
23653,23654,299,7,306
23654,23655,637,15,652
23655,23656,239,1,240
23656,23657,124,1,125
23657,23658,4918,140,5058
23658,23659,280,9,289
23659,23660,24,1,25
23660,23661,1289,31,1320
23661,23662,275,8,283
23662,23663,361,11,372
23663,23664,395,10,405
23664,23665,1408,24,1432
23665,23666,278,4,282
23666,23667,241,3,244
23667,23668,1679,56,1735
23668,23669,105,0,105
23669,23670,655,6,661
23670,23671,246,9,255
23671,23672,273,7,280
23672,23673,484,5,489
23673,23674,225,8,233
23674,23675,373,13,386
23675,23676,140,2,142
23676,23677,309,8,317
23677,23678,910,12,922
23678,23679,300,8,308
23679,23680,472,9,481
23680,23681,1155,11,1166
23681,23682,592,6,598
23682,23683,274,12,286
23683,23684,447,9,456
23684,23685,276,2,278
23685,23686,110,1,111
23686,23687,87,3,90
23687,23688,76,1,77
23688,23689,221,0,221
23689,23690,189,8,197
23690,23691,504,13,517
23691,23692,4,0,4
23692,23693,213,6,219
23693,23694,53,0,53
23694,23695,572,6,578
23695,23696,375,7,382
23696,23697,38,2,40
23697,23698,1809,42,1851
23698,23699,630,8,638
23699,23700,103,3,106
23700,23701,109,4,113
23701,23702,88,0,88
23702,23703,117,8,125
23703,23704,1345,23,1368
23704,23705,242,4,246
23705,23706,289,3,292
23706,23707,49,1,50
23707,23708,370,139,509
23708,23709,769,11,780
23709,23710,611,10,621
23710,23711,308,6,314
23711,23712,18419,527,18946
23712,23713,397,7,404
23713,23714,4359,118,4477
23714,23715,205,3,208
23715,23716,254,3,257
23716,23717,390,5,395
23717,23718,1132,27,1159
23718,23719,5693,61,5754
23719,23720,461,18,479
23720,23721,128,2,130
23721,23722,485,15,500
23722,23723,139,0,139
23723,23724,298,7,305
23724,23725,577,5,582
23725,23726,955,7,962
23726,23727,1361,27,1388
23727,23728,998,12,1010
23728,23729,2808,36,2844
23729,23730,191,5,196
23730,23731,190,2,192
23731,23732,322,9,331
23732,23733,433,7,440
23733,23734,1427,39,1466
23734,23735,172,0,172
23735,23736,185,5,190
23736,23737,221,5,226
23737,23738,67,1,68
23738,23739,123,3,126
23739,23740,410,5,415
23740,23741,1002,17,1019
23741,23742,115,4,119
23742,23743,1343,42,1385
23743,23744,2615,69,2684
23744,23745,534,10,544
23745,23746,89,4,93
23746,23747,204,1,205
23747,23748,85,3,88
23748,23749,3503,69,3572
23749,23750,2831,23,2854
23750,23751,728,9,737
23751,23752,158,3,161
23752,23753,133,2,135
23753,23754,67,0,67
23754,23755,928,19,947
23755,23756,600,10,610
23756,23757,598,10,608
23757,23758,158,3,161
23758,23759,179,5,184
23759,23760,3111,91,3202
23760,23761,401,4,405
23761,23762,78317,1471,79788
23762,23763,498,9,507
23763,23764,2329,37,2366
23764,23765,7305,200,7505
23765,23766,459,7,466
23766,23767,191,1,192
23767,23768,586,8,594
23768,23769,361,9,370
23769,23770,731,42,773
23770,23771,1328,10,1338
23771,23772,747,17,764
23772,23773,177,2,179
23773,23774,182,6,188
23774,23775,816,16,832
23775,23776,701,8,709
23776,23777,2214,28,2242
23777,23778,134,1,135
23778,23779,75,1,76
23779,23780,148,5,153
23780,23781,566,11,577
23781,23782,302,12,314
23782,23783,203,5,208
23783,23784,1542,23,1565
23784,23785,345,14,359
23785,23786,1557,35,1592
23786,23787,683,11,694
23787,23788,1758,33,1791
23788,23789,1059,27,1086
23789,23790,94,1,95
23790,23791,628,9,637
23791,23792,250,6,256
23792,23793,1436,25,1461
23793,23794,557,10,567
23794,23795,1626,22,1648
23795,23796,121,4,125
23796,23797,250,6,256
23797,23798,5657,67,5724
23798,23799,2276,29,2305
23799,23800,141,3,144
23800,23801,343,10,353
23801,23802,372,7,379
23802,23803,48,1,49
23803,23804,289,4,293
23804,23805,3529,68,3597
23805,23806,45,2,47
23806,23807,107,3,110
23807,23808,98,0,98
23808,23809,2431,54,2485
23809,23810,348,6,354
23810,23811,62,1,63
23811,23812,1240,16,1256
23812,23813,1273,17,1290
23813,23814,196,6,202
23814,23815,888,16,904
23815,23816,506,12,518
23816,23817,661,20,681
23817,23818,624,6,630
23818,23819,360,6,366
23819,23820,497,11,508
23820,23821,4717,108,4825
23821,23822,283,3,286
23822,23823,712,25,737
23823,23824,744,15,759
23824,23825,213,4,217
23825,23826,505,14,519
23826,23827,2701,44,2745
23827,23828,1036,13,1049
23828,23829,63,0,63
23829,23830,606,13,619
23830,23831,251,1,252
23831,23832,3480,58,3538
23832,23833,1879,32,1911
23833,23834,286,3,289
23834,23835,1919,3,1922
23835,23836,998,31,1029
23836,23837,862,15,877
23837,23838,606,18,624
23838,23839,396,11,407
23839,23840,794,16,810
23840,23841,663,6,669
23841,23842,65,2,67
23842,23843,557,15,572
23843,23844,776,13,789
23844,23845,161,4,165
23845,23846,194,1,195
23846,23847,76,1,77
23847,23848,229,0,229
23848,23849,77,0,77
23849,23850,995,20,1015
23850,23851,2917,62,2979
23851,23852,2358,64,2422
23852,23853,145,1,146
23853,23854,139,4,143
23854,23855,84,3,87
23855,23856,854,26,880
23856,23857,1126,25,1151
23857,23858,1512,30,1542
23858,23859,1964,52,2016
23859,23860,1990,30,2020
23860,23861,2642,16,2658
23861,23862,3809,76,3885
23862,23863,158,8,166
23863,23864,1903,42,1945
23864,23865,147,1,148
23865,23866,1397,28,1425
23866,23867,320,6,326
23867,23868,423,5,428
23868,23869,1049,31,1080
23869,23870,150,2,152
23870,23871,411,10,421
23871,23872,233,4,237
23872,23873,329,7,336
23873,23874,384,3,387
23874,23875,76,0,76
23875,23876,217,9,226
23876,23877,584,8,592
23877,23878,135,3,138
23878,23879,209,2,211
23879,23880,595,11,606
23880,23881,1983,78,2061
23881,23882,176,0,176
23882,23883,173,3,176
23883,23884,1059,19,1078
23884,23885,184,3,187
23885,23886,372,6,378
23886,23887,1002,22,1024
23887,23888,123,1,124
23888,23889,108,2,110
23889,23890,175,5,180
23890,23891,2281,50,2331
23891,23892,3807,21,3828
23892,23893,1413,22,1435
23893,23894,828,12,840
23894,23895,592,10,602
23895,23896,94,1,95
23896,23897,77,1,78
23897,23898,146,7,153
23898,23899,149,1,150
23899,23900,384,6,390
23900,23901,34,0,34
23901,23902,138,1,139
23902,23903,1349,32,1381
23903,23904,177,4,181
23904,23905,1391,32,1423
23905,23906,717,8,725
23906,23907,1300,15,1315
23907,23908,2058,40,2098
23908,23909,12125,456,12581
23909,23910,323,9,332
23910,23911,1628,53,1681
23911,23912,1165,150,1315
23912,23913,19,0,19
23913,23914,516,10,526
23914,23915,330,2,332
23915,23916,178,5,183
23916,23917,1403,16,1419
23917,23918,325,6,331
23918,23919,1859,24,1883
23919,23920,4256,57,4313
23920,23921,203,6,209
23921,23922,74,3,77
23922,23923,291,11,302
23923,23924,1288,38,1326
23924,23925,376,3,379
23925,23926,1594,27,1621
23926,23927,595,6,601
23927,23928,500,8,508
23928,23929,86,2,88
23929,23930,122,0,122
23930,23931,4499,70,4569
23931,23932,193,2,195
23932,23933,966,23,989
23933,23934,586,7,593
23934,23935,113,2,115
23935,23936,90,2,92
23936,23937,115,2,117
23937,23938,3952,49,4001
23938,23939,319,5,324
23939,23940,192,7,199
23940,23941,116,3,119
23941,23942,191,5,196
23942,23943,1233,21,1254
23943,23944,391,7,398
23944,23945,308,6,314
23945,23946,1205,24,1229
23946,23947,225,5,230
23947,23948,74,1,75
23948,23949,353,13,366
23949,23950,929,22,951
23950,23951,809,22,831
23951,23952,201,2,203
23952,23953,972,23,995
23953,23954,173,1,174
23954,23955,154,5,159
23955,23956,1146,27,1173
23956,23957,385,7,392
23957,23958,308,3,311
23958,23959,812,12,824
23959,23960,789,17,806
23960,23961,357,11,368
23961,23962,299,2,301
23962,23963,1023,18,1041
23963,23964,2404,17,2421
23964,23965,327,1,328
23965,23966,483,6,489
23966,23967,310,2,312
23967,23968,689,8,697
23968,23969,350,6,356
23969,23970,443,8,451
23970,23971,1937,38,1975
23971,23972,3910,72,3982
23972,23973,2363,26,2389
23973,23974,369,7,376
23974,23975,2830,27,2857
23975,23976,5481,51,5532
23976,23977,850,11,861
23977,23978,312,12,324
23978,23979,459,8,467
23979,23980,280,3,283
23980,23981,1057,21,1078
23981,23982,2799,25,2824
23982,23983,1220,32,1252
23983,23984,6060,34,6094
23984,23985,157,4,161
23985,23986,325,3,328
23986,23987,304,9,313
23987,23988,1162,28,1190
23988,23989,1426,19,1445
23989,23990,251,2,253
23990,23991,545,6,551
23991,23992,2211,40,2251
23992,23993,893,20,913
23993,23994,1726,24,1750
23994,23995,883,14,897
23995,23996,1115,14,1129
23996,23997,311,8,319
23997,23998,529,14,543
23998,23999,32,0,32
23999,24000,492,7,499
24000,24001,353,7,360
24001,24002,8023,635,8658
24002,24003,723,28,751
24003,24004,2289,53,2342
24004,24005,254,8,262
24005,24006,165,1,166
24006,24007,362,10,372
24007,24008,91,2,93
24008,24009,2700,61,2761
24009,24010,1088,29,1117
24010,24011,175,0,175
24011,24012,445,8,453
24012,24013,179,6,185
24013,24014,1089,22,1111
24014,24015,339,2,341
24015,24016,2377,63,2440
24016,24017,201,9,210
24017,24018,3954,60,4014
24018,24019,359,12,371
24019,24020,82,2,84
24020,24021,611,8,619
24021,24022,901,24,925
24022,24023,355,2,357
24023,24024,277,12,289
24024,24025,1895,39,1934
24025,24026,418,5,423
24026,24027,534,5,539
24027,24028,2176,32,2208
24028,24029,1084,17,1101
24029,24030,6285,209,6494
24030,24031,1419,23,1442
24031,24032,366,11,377
24032,24033,663,16,679
24033,24034,2130,61,2191
24034,24035,88,3,91
24035,24036,840,19,859
24036,24037,77,3,80
24037,24038,934,23,957
24038,24039,1379,33,1412
24039,24040,410,5,415
24040,24041,1242,26,1268
24041,24042,151,0,151
24042,24043,632,8,640
24043,24044,279,4,283
24044,24045,151,4,155
24045,24046,111,5,116
24046,24047,241,6,247
24047,24048,186,3,189
24048,24049,119,3,122
24049,24050,158,2,160
24050,24051,1204,28,1232
24051,24052,496,4,500
24052,24053,9488,282,9770
24053,24054,2500,57,2557
24054,24055,240,8,248
24055,24056,1225,25,1250
24056,24057,110,4,114
24057,24058,15870,164,16034
24058,24059,1033,17,1050
24059,24060,49,2,51
24060,24061,1408,42,1450
24061,24062,231,4,235
24062,24063,43,0,43
24063,24064,1527,123,1650
24064,24065,877,12,889
24065,24066,212,5,217
24066,24067,749,13,762
24067,24068,226,1,227
24068,24069,494,27,521
24069,24070,1747,38,1785
24070,24071,1333,24,1357
24071,24072,373,5,378
24072,24073,2233,43,2276
24073,24074,506,8,514
24074,24075,371,16,387
24075,24076,2392,100,2492
24076,24077,566,20,586
24077,24078,2146,38,2184
24078,24079,580,4,584
24079,24080,118,4,122
24080,24081,3346,51,3397
24081,24082,542,8,550
24082,24083,56902,464,57366
24083,24084,182,0,182
24084,24085,518,4,522
24085,24086,1892,16,1908
24086,24087,149,1,150
24087,24088,856,20,876
24088,24089,1927,63,1990
24089,24090,692,22,714
24090,24091,658,9,667
24091,24092,452,6,458
24092,24093,435,14,449
24093,24094,353,13,366
24094,24095,575,12,587
24095,24096,173,6,179
24096,24097,36,1,37
24097,24098,779,23,802
24098,24099,375,16,391
24099,24100,3369,59,3428
24100,24101,461,14,475
24101,24102,12372,181,12553
24102,24103,179,2,181
24103,24104,150,2,152
24104,24105,1119,14,1133
24105,24106,599,9,608
24106,24107,543,19,562
24107,24108,454,5,459
24108,24109,1369,16,1385
24109,24110,589,9,598
24110,24111,152,2,154
24111,24112,6198,106,6304
24112,24113,1889,28,1917
24113,24114,364,11,375
24114,24115,134,1,135
24115,24116,4031,66,4097
24116,24117,544,13,557
24117,24118,5695,29,5724
24118,24119,372,6,378
24119,24120,432,4,436
24120,24121,65,1,66
24121,24122,94,0,94
24122,24123,311,5,316
24123,24124,310,18,328
24124,24125,152,4,156
24125,24126,210,3,213
24126,24127,675,12,687
24127,24128,288,9,297
24128,24129,402,6,408
24129,24130,529,3,532
24130,24131,249,9,258
24131,24132,2760,143,2903
24132,24133,1527,26,1553
24133,24134,1010,21,1031
24134,24135,12784,190,12974
24135,24136,13151,117,13268
24136,24137,833,20,853
24137,24138,1822,23,1845
24138,24139,652,12,664
24139,24140,1174,22,1196
24140,24141,84,2,86
24141,24142,123,3,126
24142,24143,54,2,56
24143,24144,519,11,530
24144,24145,285,1,286
24145,24146,704,18,722
24146,24147,56,1,57
24147,24148,706,25,731
24148,24149,341,17,358
24149,24150,1860,39,1899
24150,24151,717,10,727
24151,24152,56,2,58
24152,24153,1715,36,1751
24153,24154,1091,21,1112
24154,24155,582,10,592
24155,24156,154,5,159
24156,24157,1851,46,1897
24157,24158,198,2,200
24158,24159,722,14,736
24159,24160,123,4,127
24160,24161,232,0,232
24161,24162,825,18,843
24162,24163,178,5,183
24163,24164,206,2,208
24164,24165,223,1,224
24165,24166,689,31,720
24166,24167,468,3,471
24167,24168,58,2,60
24168,24169,137,3,140
24169,24170,139,3,142
24170,24171,191,4,195
24171,24172,116,1,117
24172,24173,79,3,82
24173,24174,873,18,891
24174,24175,656,21,677
24175,24176,111,1,112
24176,24177,1132,12,1144
24177,24178,886,23,909
24178,24179,5818,135,5953
24179,24180,136,8,144
24180,24181,148,3,151
24181,24182,5352,94,5446
24182,24183,215,3,218
24183,24184,81,4,85
24184,24185,212,4,216
24185,24186,1565,17,1582
24186,24187,1814,43,1857
24187,24188,1176,6,1182
24188,24189,216,4,220
24189,24190,221,4,225
24190,24191,111,0,111
24191,24192,1917,14,1931
24192,24193,406,9,415
24193,24194,1093,15,1108
24194,24195,3916,82,3998
24195,24196,721,11,732
24196,24197,866,19,885
24197,24198,134,2,136
24198,24199,368,8,376
24199,24200,341,8,349
24200,24201,131,2,133
24201,24202,512,8,520
24202,24203,353,4,357
24203,24204,733,17,750
24204,24205,7495,214,7709
24205,24206,148,3,151
24206,24207,336,7,343
24207,24208,661,17,678
24208,24209,1055,27,1082
24209,24210,71,0,71
24210,24211,1763,52,1815
24211,24212,912,21,933
24212,24213,923,34,957
24213,24214,1344,18,1362
24214,24215,458,13,471
24215,24216,4006,162,4168
24216,24217,229,7,236
24217,24218,540,21,561
24218,24219,380,2,382
24219,24220,1165,29,1194
24220,24221,467,20,487
24221,24222,542,6,548
24222,24223,841,18,859
24223,24224,1714,127,1841
24224,24225,338,2,340
24225,24226,272,8,280
24226,24227,392,8,400
24227,24228,8429,76,8505
24228,24229,332,8,340
24229,24230,166,1,167
24230,24231,2093,47,2140
24231,24232,281,5,286
24232,24233,165,3,168
24233,24234,749,13,762
24234,24235,1160,99,1259
24235,24236,418,13,431
24236,24237,1024,16,1040
24237,24238,420,7,427
24238,24239,1227,29,1256
24239,24240,763,23,786
24240,24241,229,3,232
24241,24242,143,3,146
24242,24243,3786,33,3819
24243,24244,1157,53,1210
24244,24245,50,0,50
24245,24246,960,18,978
24246,24247,1082,21,1103
24247,24248,64,3,67
24248,24249,14995,297,15292
24249,24250,218,5,223
24250,24251,95,3,98
24251,24252,81,1,82
24252,24253,1478,22,1500
24253,24254,418,4,422
24254,24255,78,3,81
24255,24256,173,2,175
24256,24257,158,7,165
24257,24258,77,2,79
24258,24259,360,2,362
24259,24260,15415,352,15767
24260,24261,889,21,910
24261,24262,11895,303,12198
24262,24263,3561,71,3632
24263,24264,348,1,349
24264,24265,935,15,950
24265,24266,2759,91,2850
24266,24267,261,4,265
24267,24268,260,5,265
24268,24269,99,3,102
24269,24270,603,18,621
24270,24271,1238,25,1263
24271,24272,1101,25,1126
24272,24273,497,21,518
24273,24274,688,15,703
24274,24275,520,3,523
24275,24276,9210,228,9438
24276,24277,484,2,486
24277,24278,213,8,221
24278,24279,430,4,434
24279,24280,1858,30,1888
24280,24281,199,6,205
24281,24282,833,21,854
24282,24283,346,10,356
24283,24284,78,1,79
24284,24285,252,4,256
24285,24286,1146,57,1203
24286,24287,814,19,833
24287,24288,260,8,268
24288,24289,74,2,76
24289,24290,58,0,58
24290,24291,624,25,649
24291,24292,1074,24,1098
24292,24293,2001,31,2032
24293,24294,873,14,887
24294,24295,656,10,666
24295,24296,129,2,131
24296,24297,128,4,132
24297,24298,88,7,95
24298,24299,96,2,98
24299,24300,133,2,135
24300,24301,450,6,456
24301,24302,616,15,631
24302,24303,340,3,343
24303,24304,1265,20,1285
24304,24305,166,7,173
24305,24306,493,6,499
24306,24307,241,6,247
24307,24308,31,1,32
24308,24309,37036,249,37285
24309,24310,430,9,439
24310,24311,2094,34,2128
24311,24312,142,1,143
24312,24313,975,30,1005
24313,24314,576,17,593
24314,24315,438,9,447
24315,24316,849,17,866
24316,24317,2004,51,2055
24317,24318,395,5,400
24318,24319,1084,22,1106
24319,24320,570,9,579
24320,24321,7353,259,7612
24321,24322,308,3,311
24322,24323,240,6,246
24323,24324,706,11,717
24324,24325,269,0,269
24325,24326,1240,9,1249
24326,24327,1094,25,1119
24327,24328,237,0,237
24328,24329,335,6,341
24329,24330,878,16,894
24330,24331,352,10,362
24331,24332,497,10,507
24332,24333,491,9,500
24333,24334,71,3,74
24334,24335,189,2,191
24335,24336,104,6,110
24336,24337,406,12,418
24337,24338,571,14,585
24338,24339,213,4,217
24339,24340,730,8,738
24340,24341,460,8,468
24341,24342,653,18,671
24342,24343,67,2,69
24343,24344,115,5,120
24344,24345,491,17,508
24345,24346,215,5,220
24346,24347,765,22,787
24347,24348,6875,108,6983
24348,24349,710,15,725
24349,24350,117,3,120
24350,24351,271,6,277
24351,24352,209,2,211
24352,24353,356,2,358
24353,24354,301,12,313
24354,24355,853,12,865
24355,24356,488,4,492
24356,24357,2063,75,2138
24357,24358,413,6,419
24358,24359,402,5,407
24359,24360,167,3,170
24360,24361,205,8,213
24361,24362,1510,47,1557
24362,24363,688,15,703
24363,24364,213,2,215
24364,24365,317,2,319
24365,24366,1669,41,1710
24366,24367,43,1,44
24367,24368,418,6,424
24368,24369,190,5,195
24369,24370,513,8,521
24370,24371,2035,39,2074
24371,24372,826,14,840
24372,24373,144,1,145
24373,24374,311,15,326
24374,24375,361,12,373
24375,24376,283,7,290
24376,24377,2625,32,2657
24377,24378,2309,49,2358
24378,24379,430,9,439
24379,24380,120,5,125
24380,24381,14287,318,14605
24381,24382,2193,63,2256
24382,24383,963,35,998
24383,24384,3417,40,3457
24384,24385,664,22,686
24385,24386,15043,78,15121
24386,24387,135,2,137
24387,24388,1682,17,1699
24388,24389,43605,1494,45099
24389,24390,304,10,314
24390,24391,331,9,340
24391,24392,381,9,390
24392,24393,1021,26,1047
24393,24394,260,3,263
24394,24395,968,23,991
24395,24396,116,2,118
24396,24397,193,8,201
24397,24398,69,2,71
24398,24399,233,4,237
24399,24400,1140,22,1162
24400,24401,651,12,663
24401,24402,724,10,734
24402,24403,383,8,391
24403,24404,1311,27,1338
24404,24405,284,7,291
24405,24406,85,3,88
24406,24407,555,17,572
24407,24408,1706,22,1728
24408,24409,1026,37,1063
24409,24410,3244,195,3439
24410,24411,388,12,400
24411,24412,193,1,194
24412,24413,5638,114,5752
24413,24414,771,15,786
24414,24415,3399,34,3433
24415,24416,663,20,683
24416,24417,164,2,166
24417,24418,526,9,535
24418,24419,1119,37,1156
24419,24420,480,6,486
24420,24421,1051,36,1087
24421,24422,1519,25,1544
24422,24423,37,1,38
24423,24424,905,24,929
24424,24425,3308,77,3385
24425,24426,866,11,877
24426,24427,3671,74,3745
24427,24428,1070,27,1097
24428,24429,225,2,227
24429,24430,646,12,658
24430,24431,215,10,225
24431,24432,284,3,287
24432,24433,1531,45,1576
24433,24434,242,9,251
24434,24435,181,2,183
24435,24436,8591,129,8720
24436,24437,493,15,508
24437,24438,34841,412,35253
24438,24439,1915,30,1945
24439,24440,200,10,210
24440,24441,495,8,503
24441,24442,3689,91,3780
24442,24443,139,5,144
24443,24444,1697,34,1731
24444,24445,432,10,442
24445,24446,64,2,66
24446,24447,1903,42,1945
24447,24448,107,0,107
24448,24449,162,2,164
24449,24450,7055,182,7237
24450,24451,277,3,280
24451,24452,1904,30,1934
24452,24453,124,6,130
24453,24454,33,1,34
24454,24455,1160,48,1208
24455,24456,92,2,94
24456,24457,96,4,100
24457,24458,653,5,658
24458,24459,235,2,237
24459,24460,418,7,425
24460,24461,563,6,569
24461,24462,2794,60,2854
24462,24463,423,9,432
24463,24464,232,3,235
24464,24465,2586,43,2629
24465,24466,362,3,365
24466,24467,256,3,259
24467,24468,1044,31,1075
24468,24469,532,15,547
24469,24470,207,7,214
24470,24471,110,0,110
24471,24472,419,5,424
24472,24473,97,1,98
24473,24474,138,6,144
24474,24475,436,4,440
24475,24476,953,13,966
24476,24477,824,9,833
24477,24478,569,11,580
24478,24479,1105,24,1129
24479,24480,444,7,451
24480,24481,4211,589,4800
24481,24482,521,13,534
24482,24483,5238,79,5317
24483,24484,191,6,197
24484,24485,248,9,257
24485,24486,209,5,214
24486,24487,183,2,185
24487,24488,397,11,408
24488,24489,1481,24,1505
24489,24490,781,16,797
24490,24491,559,5,564
24491,24492,333,14,347
24492,24493,3021,42,3063
24493,24494,208,3,211
24494,24495,334,13,347
24495,24496,142,7,149
24496,24497,249,4,253
24497,24498,139,2,141
24498,24499,217,13,230
24499,24500,174,5,179
24500,24501,351,7,358
24501,24502,147,6,153
24502,24503,557,17,574
24503,24504,200,2,202
24504,24505,122,3,125
24505,24506,163,1,164
24506,24507,132,2,134
24507,24508,198,8,206
24508,24509,864,18,882
24509,24510,3456,59,3515
24510,24511,3705,86,3791
24511,24512,1001,13,1014
24512,24513,269,8,277
24513,24514,961,20,981
24514,24515,606,12,618
24515,24516,1046,66,1112
24516,24517,1410,27,1437
24517,24518,1053,24,1077
24518,24519,10466,265,10731
24519,24520,1781,41,1822
24520,24521,877,26,903
24521,24522,30012,598,30610
24522,24523,288,7,295
24523,24524,548,9,557
24524,24525,5016,244,5260
24525,24526,539,10,549
24526,24527,232,6,238
24527,24528,213,4,217
24528,24529,2098,28,2126
24529,24530,682,11,693
24530,24531,1086,20,1106
24531,24532,654,21,675
24532,24533,318,5,323
24533,24534,129,4,133
24534,24535,908,9,917
24535,24536,108,1,109
24536,24537,471,4,475
24537,24538,3417,75,3492
24538,24539,132,0,132
24539,24540,795,17,812
24540,24541,290,9,299
24541,24542,258,8,266
24542,24543,577,11,588
24543,24544,2525,52,2577
24544,24545,1521,15,1536
24545,24546,83,1,84
24546,24547,1917,46,1963
24547,24548,387,4,391
24548,24549,41,1,42
24549,24550,456,10,466
24550,24551,2820,88,2908
24551,24552,216,2,218
24552,24553,413,6,419
24553,24554,308,4,312
24554,24555,288,4,292
24555,24556,645,12,657
24556,24557,474,11,485
24557,24558,428,11,439
24558,24559,80,1,81
24559,24560,361,3,364
24560,24561,1563,24,1587
24561,24562,188,9,197
24562,24563,342,9,351
24563,24564,519,10,529
24564,24565,823,13,836
24565,24566,368,6,374
24566,24567,2447,35,2482
24567,24568,1392,47,1439
24568,24569,241,6,247
24569,24570,5747,142,5889
24570,24571,961,28,989
24571,24572,205,7,212
24572,24573,311,12,323
24573,24574,528,8,536
24574,24575,369,8,377
24575,24576,678,4,682
24576,24577,175,2,177
24577,24578,240,1,241
24578,24579,494,17,511
24579,24580,394,13,407
24580,24581,3295,76,3371
24581,24582,19792,640,20432
24582,24583,435,9,444
24583,24584,366,4,370
24584,24585,524,9,533
24585,24586,481,19,500
24586,24587,233,5,238
24587,24588,153,7,160
24588,24589,559,14,573
24589,24590,236,7,243
24590,24591,448,5,453
24591,24592,1041,29,1070
24592,24593,937,22,959
24593,24594,16419,415,16834
24594,24595,1793,41,1834
24595,24596,11484,241,11725
24596,24597,1969,44,2013
24597,24598,1269,32,1301
24598,24599,182,150,332
24599,24600,927,15,942
24600,24601,115,4,119
24601,24602,13,0,13
24602,24603,3414,160,3574
24603,24604,894,16,910
24604,24605,386,4,390
24605,24606,3903,100,4003
24606,24607,434,1,435
24607,24608,321,4,325
24608,24609,1400,37,1437
24609,24610,259,4,263
24610,24611,804,14,818
24611,24612,108,2,110
24612,24613,288,9,297
24613,24614,200,7,207
24614,24615,230,8,238
24615,24616,2195,54,2249
24616,24617,126,5,131
24617,24618,1548,30,1578
24618,24619,82,3,85
24619,24620,1283,22,1305
24620,24621,773,11,784
24621,24622,1260,25,1285
24622,24623,1447,33,1480
24623,24624,967,13,980
24624,24625,305,5,310
24625,24626,788,7,795
24626,24627,290,8,298
24627,24628,5688,68,5756
24628,24629,260,10,270
24629,24630,3021,40,3061
24630,24631,114,1,115
24631,24632,206,4,210
24632,24633,541,7,548
24633,24634,140,3,143
24634,24635,429,9,438
24635,24636,389,8,397
24636,24637,2266,34,2300
24637,24638,156,7,163
24638,24639,7589,191,7780
24639,24640,2376,37,2413
24640,24641,494,20,514
24641,24642,525,10,535
24642,24643,502,14,516
24643,24644,632,5,637
24644,24645,5943,166,6109
24645,24646,331,7,338
24646,24647,997,19,1016
24647,24648,650,18,668
24648,24649,673,19,692
24649,24650,59,5,64
24650,24651,863,26,889
24651,24652,1128,19,1147
24652,24653,693,4,697
24653,24654,83,3,86
24654,24655,474,14,488
24655,24656,159,1,160
24656,24657,821,13,834
24657,24658,207,4,211
24658,24659,7006,158,7164
24659,24660,858,19,877
24660,24661,308,5,313
24661,24662,2035,63,2098
24662,24663,2098,53,2151
24663,24664,886,10,896
24664,24665,198,1,199
24665,24666,126,9,135
24666,24667,250,5,255
24667,24668,3451,52,3503
24668,24669,373,8,381
24669,24670,926,25,951
24670,24671,221,4,225
24671,24672,617,11,628
24672,24673,2938,65,3003
24673,24674,194,8,202
24674,24675,421,7,428
24675,24676,542,20,562
24676,24677,1070,13,1083
24677,24678,1557,21,1578
24678,24679,111,0,111
24679,24680,538,3,541
24680,24681,22928,499,23427
24681,24682,1133,25,1158
24682,24683,48,1,49
24683,24684,435,12,447
24684,24685,195,2,197
24685,24686,196,2,198
24686,24687,19576,484,20060
24687,24688,525,12,537
24688,24689,2539,42,2581
24689,24690,167,1,168
24690,24691,2562,49,2611
24691,24692,1453,36,1489
24692,24693,201,4,205
24693,24694,4248,90,4338
24694,24695,158,2,160
24695,24696,9607,239,9846
24696,24697,2735,58,2793
24697,24698,1133,20,1153
24698,24699,896,22,918
24699,24700,1751,88,1839
24700,24701,844,23,867
24701,24702,444,10,454
24702,24703,462,4,466
24703,24704,428,9,437
24704,24705,494,8,502
24705,24706,256,2,258
24706,24707,212,5,217
24707,24708,612,18,630
24708,24709,174,2,176
24709,24710,166,4,170
24710,24711,1716,40,1756
24711,24712,506,17,523
24712,24713,9890,97,9987
24713,24714,411,6,417
24714,24715,599,7,606
24715,24716,11719,160,11879
24716,24717,379,8,387
24717,24718,154,8,162
24718,24719,424,12,436
24719,24720,242,5,247
24720,24721,199,3,202
24721,24722,498,21,519
24722,24723,1208,17,1225
24723,24724,594,14,608
24724,24725,678,18,696
24725,24726,442,31,473
24726,24727,338,8,346
24727,24728,168,2,170
24728,24729,594,13,607
24729,24730,1495,15,1510
24730,24731,14121,125,14246
24731,24732,188,5,193
24732,24733,746,26,772
24733,24734,216,4,220
24734,24735,80,2,82
24735,24736,340,5,345
24736,24737,112,2,114
24737,24738,876,22,898
24738,24739,275,3,278
24739,24740,2473,31,2504
24740,24741,60,1,61
24741,24742,547,16,563
24742,24743,417,2,419
24743,24744,1236,23,1259
24744,24745,1049,26,1075
24745,24746,280,6,286
24746,24747,451,4,455
24747,24748,814,41,855
24748,24749,508,5,513
24749,24750,291,6,297
24750,24751,453,12,465
24751,24752,1169,16,1185
24752,24753,6442,101,6543
24753,24754,4240,62,4302
24754,24755,245,7,252
24755,24756,619,16,635
24756,24757,6458,542,7000
24757,24758,188,14,202
24758,24759,279,7,286
24759,24760,571,12,583
24760,24761,494,13,507
24761,24762,2292,41,2333
24762,24763,19617,61,19678
24763,24764,443,17,460
24764,24765,473,13,486
24765,24766,1472,31,1503
24766,24767,621,19,640
24767,24768,902,11,913
24768,24769,385,6,391
24769,24770,777,13,790
24770,24771,439,5,444
24771,24772,539,18,557
24772,24773,993,27,1020
24773,24774,213,4,217
24774,24775,162,8,170
24775,24776,77,2,79
24776,24777,11689,160,11849
24777,24778,303,6,309
24778,24779,149,4,153
24779,24780,242,4,246
24780,24781,255,5,260
24781,24782,770,15,785
24782,24783,366,2,368
24783,24784,258,4,262
24784,24785,1188,16,1204
24785,24786,497,8,505
24786,24787,518,13,531
24787,24788,162,2,164
24788,24789,357,2,359
24789,24790,846,8,854
24790,24791,274,3,277
24791,24792,63,3,66
24792,24793,3814,139,3953
24793,24794,157,2,159
24794,24795,1309,27,1336
24795,24796,1147,19,1166
24796,24797,1194,20,1214
24797,24798,2874,45,2919
24798,24799,107,1,108
24799,24800,1266,34,1300
24800,24801,65,0,65
24801,24802,289,7,296
24802,24803,1163,32,1195
24803,24804,339,10,349
24804,24805,227,7,234
24805,24806,176,5,181
24806,24807,464,9,473
24807,24808,195,4,199
24808,24809,152,4,156
24809,24810,327,9,336
24810,24811,34,1,35
24811,24812,88,5,93
24812,24813,144,4,148
24813,24814,5826,146,5972
24814,24815,144,1,145
24815,24816,429,8,437
24816,24817,1352,30,1382
24817,24818,11773,564,12337
24818,24819,313,8,321
24819,24820,120,2,122
24820,24821,1772,23,1795
24821,24822,889,20,909
24822,24823,431,13,444
24823,24824,2136,63,2199
24824,24825,2170,27,2197
24825,24826,395,8,403
24826,24827,110,2,112
24827,24828,6123,70,6193
24828,24829,2918,144,3062
24829,24830,1205,22,1227
24830,24831,332,7,339
24831,24832,281,9,290
24832,24833,518,5,523
24833,24834,319,4,323
24834,24835,150,4,154
24835,24836,592,6,598
24836,24837,1058,7,1065
24837,24838,105,2,107
24838,24839,88,2,90
24839,24840,20914,477,21391
24840,24841,13943,200,14143
24841,24842,896,17,913
24842,24843,1250,50,1300
24843,24844,86,1,87
24844,24845,1018,17,1035
24845,24846,5158,92,5250
24846,24847,486,7,493
24847,24848,2905,67,2972
24848,24849,914,26,940
24849,24850,2522,65,2587
24850,24851,1997,39,2036
24851,24852,1669,30,1699
24852,24853,3052,32,3084
24853,24854,216,2,218
24854,24855,2017,33,2050
24855,24856,950,16,966
24856,24857,1039,17,1056
24857,24858,3659,105,3764
24858,24859,218,7,225
24859,24860,494,12,506
24860,24861,380,7,387
24861,24862,856,17,873
24862,24863,383,17,400
24863,24864,464,18,482
24864,24865,182,1,183
24865,24866,2394,41,2435
24866,24867,506,13,519
24867,24868,46,0,46
24868,24869,390,6,396
24869,24870,124,6,130
24870,24871,269,0,269
24871,24872,1412,40,1452
24872,24873,1467,26,1493
24873,24874,518,13,531
24874,24875,955,46,1001
24875,24876,887,11,898
24876,24877,143,1,144
24877,24878,158,1,159
24878,24879,473,8,481
24879,24880,390,7,397
24880,24881,3439,68,3507
24881,24882,350,3,353
24882,24883,3742,54,3796
24883,24884,5552,66,5618
24884,24885,431,3,434
24885,24886,2537,32,2569
24886,24887,5342,116,5458
24887,24888,371,4,375
24888,24889,204,10,214
24889,24890,223,4,227
24890,24891,1617,44,1661
24891,24892,1933,49,1982
24892,24893,287,5,292
24893,24894,694,14,708
24894,24895,1696,15,1711
24895,24896,447,15,462
24896,24897,1487,26,1513
24897,24898,4409,92,4501
24898,24899,451,13,464
24899,24900,545,11,556
24900,24901,153,3,156
24901,24902,284,11,295
24902,24903,288,3,291
24903,24904,2741,58,2799
24904,24905,3152,113,3265
24905,24906,1765,33,1798
24906,24907,443,5,448
24907,24908,887,15,902
24908,24909,412,10,422
24909,24910,369,2,371
24910,24911,392,8,400
24911,24912,536,5,541
24912,24913,2405,45,2450
24913,24914,237,1,238
24914,24915,4233,56,4289
24915,24916,1287,19,1306
24916,24917,571,14,585
24917,24918,3225,143,3368
24918,24919,2731,38,2769
24919,24920,391,9,400
24920,24921,2817,67,2884
24921,24922,904,19,923
24922,24923,3665,39,3704
24923,24924,681,12,693
24924,24925,208,5,213
24925,24926,309,8,317
24926,24927,607,10,617
24927,24928,420,8,428
24928,24929,2752,49,2801
24929,24930,2275,48,2323
24930,24931,386,8,394
24931,24932,316,4,320
24932,24933,330,3,333
24933,24934,3666,83,3749
24934,24935,1608,31,1639
24935,24936,88,2,90
24936,24937,738,33,771
24937,24938,2008,42,2050
24938,24939,1238,75,1313
24939,24940,2262,60,2322
24940,24941,3001,47,3048
24941,24942,365,8,373
24942,24943,334,5,339
24943,24944,142,4,146
24944,24945,225,1,226
24945,24946,1256,20,1276
24946,24947,247,5,252
24947,24948,172,9,181
24948,24949,465,6,471
24949,24950,135,5,140
24950,24951,335,9,344
24951,24952,204,5,209
24952,24953,156,3,159
24953,24954,502,7,509
24954,24955,735,24,759
24955,24956,401,3,404
24956,24957,1278,123,1401
24957,24958,80,5,85
24958,24959,182,3,185
24959,24960,471,11,482
24960,24961,123,5,128
24961,24962,1598,27,1625
24962,24963,427,9,436
24963,24964,426,7,433
24964,24965,110,4,114
24965,24966,181,2,183
24966,24967,797,20,817
24967,24968,1850,37,1887
24968,24969,390,4,394
24969,24970,168,2,170
24970,24971,637,15,652
24971,24972,349,10,359
24972,24973,391,9,400
24973,24974,3654,70,3724
24974,24975,238,7,245
24975,24976,1406,23,1429
24976,24977,569,12,581
24977,24978,1895,42,1937
24978,24979,3780,132,3912
24979,24980,164,6,170
24980,24981,951,23,974
24981,24982,2310,51,2361
24982,24983,2231,36,2267
24983,24984,5041,116,5157
24984,24985,946,7,953
24985,24986,421,9,430
24986,24987,870,23,893
24987,24988,185,7,192
24988,24989,2062,31,2093
24989,24990,44806,1843,46649
24990,24991,389,9,398
24991,24992,864,19,883
24992,24993,483,27,510
24993,24994,2298,42,2340
24994,24995,871,21,892
24995,24996,230,6,236
24996,24997,485,13,498
24997,24998,681,13,694
24998,24999,643,23,666
24999,25000,1184,31,1215
25000,25001,757,23,780
25001,25002,512,10,522
25002,25003,82,4,86
25003,25004,950,9,959
25004,25005,59,1,60
25005,25006,1159,13,1172
25006,25007,429,3,432
25007,25008,1129,32,1161
25008,25009,10983,77,11060
25009,25010,276,9,285
25010,25011,7488,97,7585
25011,25012,131,5,136
25012,25013,72,2,74
25013,25014,342,5,347
25014,25015,553,11,564
25015,25016,1174,25,1199
25016,25017,900,18,918
25017,25018,203,3,206
25018,25019,218,5,223
25019,25020,962,15,977
25020,25021,232,8,240
25021,25022,3770,48,3818
25022,25023,246,3,249
25023,25024,587,12,599
25024,25025,162,3,165
25025,25026,364,4,368
25026,25027,380,5,385
25027,25028,821,12,833
25028,25029,1709,35,1744
25029,25030,116,2,118
25030,25031,499,6,505
25031,25032,896,19,915
25032,25033,1273,144,1417
25033,25034,387,7,394
25034,25035,73,3,76
25035,25036,361,7,368
25036,25037,2021,44,2065
25037,25038,433,5,438
25038,25039,3174,96,3270
25039,25040,5604,130,5734
25040,25041,1327,32,1359
25041,25042,224,4,228
25042,25043,211,3,214
25043,25044,855,15,870
25044,25045,1083,22,1105
25045,25046,1999,27,2026
25046,25047,335,13,348
25047,25048,197,6,203
25048,25049,536,7,543
25049,25050,251,8,259
25050,25051,1531,24,1555
25051,25052,3769,69,3838
25052,25053,955,28,983
25053,25054,7862,250,8112
25054,25055,305,6,311
25055,25056,358,8,366
25056,25057,411,15,426
25057,25058,652,5,657
25058,25059,106,4,110
25059,25060,408,13,421
25060,25061,47,2,49
25061,25062,112,4,116
25062,25063,886,4,890
25063,25064,6418,401,6819
25064,25065,927,19,946
25065,25066,163,4,167
25066,25067,198,5,203
25067,25068,646,11,657
25068,25069,712,10,722
25069,25070,2294,37,2331
25070,25071,279,5,284
25071,25072,237,4,241
25072,25073,1096,19,1115
25073,25074,571,12,583
25074,25075,377,6,383
25075,25076,1106,25,1131
25076,25077,312,6,318
25077,25078,393,4,397
25078,25079,284,4,288
25079,25080,104,5,109
25080,25081,132,3,135
25081,25082,165,8,173
25082,25083,382,5,387
25083,25084,116,3,119
25084,25085,716,5,721
25085,25086,138,10,148
25086,25087,135,0,135
25087,25088,456,7,463
25088,25089,146,3,149
25089,25090,307,7,314
25090,25091,245,8,253
25091,25092,247,5,252
25092,25093,1207,28,1235
25093,25094,250,0,250
25094,25095,1389,22,1411
25095,25096,10197,265,10462
25096,25097,2841,26,2867
25097,25098,348,13,361
25098,25099,1144,30,1174
25099,25100,373,11,384
25100,25101,969,10,979
25101,25102,93,2,95
25102,25103,251,2,253
25103,25104,249,4,253
25104,25105,222,7,229
25105,25106,243,2,245
25106,25107,283,11,294
25107,25108,637,11,648
25108,25109,954,24,978
25109,25110,489,12,501
25110,25111,47415,720,48135
25111,25112,755,17,772
25112,25113,392,9,401
25113,25114,529,9,538
25114,25115,990,12,1002
25115,25116,810,9,819
25116,25117,337,5,342
25117,25118,185,3,188
25118,25119,166,4,170
25119,25120,66,0,66
25120,25121,1004,20,1024
25121,25122,3071,85,3156
25122,25123,104,6,110
25123,25124,346,6,352
25124,25125,116,2,118
25125,25126,1080,22,1102
25126,25127,433,3,436
25127,25128,615,22,637
25128,25129,4503,79,4582
25129,25130,307,8,315
25130,25131,2322,45,2367
25131,25132,2320,47,2367
25132,25133,594,2,596
25133,25134,154,2,156
25134,25135,104,4,108
25135,25136,1491,39,1530
25136,25137,11297,204,11501
25137,25138,1319,15,1334
25138,25139,585,12,597
25139,25140,1558,33,1591
25140,25141,375,7,382
25141,25142,1025,20,1045
25142,25143,1921,52,1973
25143,25144,79,0,79
25144,25145,5850,332,6182
25145,25146,832,32,864
25146,25147,1869,32,1901
25147,25148,486,13,499
25148,25149,217,7,224
25149,25150,181,5,186
25150,25151,360,3,363
25151,25152,790,15,805
25152,25153,685,12,697
25153,25154,1524,23,1547
25154,25155,212,5,217
25155,25156,374,8,382
25156,25157,229,7,236
25157,25158,629,21,650
25158,25159,373,4,377
25159,25160,342,6,348
25160,25161,1079,23,1102
25161,25162,953,17,970
25162,25163,165,2,167
25163,25164,85,1,86
25164,25165,849,14,863
25165,25166,1566,14,1580
25166,25167,529,10,539
25167,25168,357,9,366
25168,25169,292,7,299
25169,25170,531,12,543
25170,25171,827,31,858
25171,25172,164,6,170
25172,25173,316,5,321
25173,25174,948,18,966
25174,25175,483,7,490
25175,25176,104,3,107
25176,25177,233,4,237
25177,25178,255,12,267
25178,25179,3804,138,3942
25179,25180,167,9,176
25180,25181,199,5,204
25181,25182,714,13,727
25182,25183,716,22,738
25183,25184,240,5,245
25184,25185,51,1,52
25185,25186,688,10,698
25186,25187,440,15,455
25187,25188,3637,55,3692
25188,25189,1512,43,1555
25189,25190,36,1,37
25190,25191,116,2,118
25191,25192,127,7,134
25192,25193,182,5,187
25193,25194,228,5,233
25194,25195,915,17,932
25195,25196,763,26,789
25196,25197,566,16,582
25197,25198,644,9,653
25198,25199,390,8,398
25199,25200,426,5,431
25200,25201,186,5,191
25201,25202,317,34,351
25202,25203,796,9,805
25203,25204,7064,314,7378
25204,25205,303,8,311
25205,25206,79,4,83
25206,25207,344,2,346
25207,25208,281,6,287
25208,25209,290,5,295
25209,25210,619,9,628
25210,25211,432,13,445
25211,25212,13948,158,14106
25212,25213,293,4,297
25213,25214,96,2,98
25214,25215,144,2,146
25215,25216,3045,44,3089
25216,25217,911,19,930
25217,25218,1747,83,1830
25218,25219,624,17,641
25219,25220,4907,109,5016
25220,25221,620,8,628
25221,25222,1706,49,1755
25222,25223,11017,138,11155
25223,25224,6615,69,6684
25224,25225,2836,140,2976
25225,25226,1492,8,1500
25226,25227,256,5,261
25227,25228,403,16,419
25228,25229,560,8,568
25229,25230,650,9,659
25230,25231,709,4,713
25231,25232,295,8,303
25232,25233,369,8,377
25233,25234,1541,17,1558
25234,25235,404,17,421
25235,25236,395,12,407
25236,25237,500,9,509
25237,25238,271,4,275
25238,25239,1532,295,1827
25239,25240,263,5,268
25240,25241,2273,45,2318
25241,25242,67,0,67
25242,25243,309,14,323
25243,25244,968,19,987
25244,25245,247,11,258
25245,25246,761,29,790
25246,25247,123,1,124
25247,25248,1153,24,1177
25248,25249,1075,93,1168
25249,25250,533,13,546
25250,25251,859,19,878
25251,25252,933,25,958
25252,25253,484,7,491
25253,25254,99,3,102
25254,25255,382,6,388
25255,25256,254,7,261
25256,25257,691,7,698
25257,25258,6796,434,7230
25258,25259,272,10,282
25259,25260,1726,57,1783
25260,25261,1811,15,1826
25261,25262,133,3,136
25262,25263,174,2,176
25263,25264,1558,26,1584
25264,25265,976,16,992
25265,25266,2498,55,2553
25266,25267,166,6,172
25267,25268,664,8,672
25268,25269,286,5,291
25269,25270,8980,163,9143
25270,25271,119,0,119
25271,25272,262,0,262
25272,25273,357,3,360
25273,25274,487,7,494
25274,25275,604,9,613
25275,25276,463,7,470
25276,25277,5987,114,6101
25277,25278,404,8,412
25278,25279,4590,101,4691
25279,25280,21288,592,21880
25280,25281,210,0,210
25281,25282,109,3,112
25282,25283,170,1,171
25283,25284,823,16,839
25284,25285,750,23,773
25285,25286,299,5,304
25286,25287,241,2,243
25287,25288,500,7,507
25288,25289,364,6,370
25289,25290,638,5,643
25290,25291,248,10,258
25291,25292,816,27,843
25292,25293,1727,34,1761
25293,25294,1895,48,1943
25294,25295,242,3,245
25295,25296,413,8,421
25296,25297,2975,43,3018
25297,25298,237,5,242
25298,25299,1063,7,1070
25299,25300,14196,422,14618
25300,25301,376,5,381
25301,25302,1699,24,1723
25302,25303,852,11,863
25303,25304,7621,345,7966
25304,25305,147,6,153
25305,25306,3564,80,3644
25306,25307,8696,226,8922
25307,25308,2508,69,2577
25308,25309,351,5,356
25309,25310,1577,48,1625
25310,25311,127,3,130
25311,25312,249,5,254
25312,25313,532,12,544
25313,25314,1408,29,1437
25314,25315,447,6,453
25315,25316,524,11,535
25316,25317,1461,38,1499
25317,25318,1636,40,1676
25318,25319,1007,28,1035
25319,25320,1372,36,1408
25320,25321,571,7,578
25321,25322,786,15,801
25322,25323,377,13,390
25323,25324,76,1,77
25324,25325,626,15,641
25325,25326,529,19,548
25326,25327,395,16,411
25327,25328,1275,18,1293
25328,25329,11086,204,11290
25329,25330,634,17,651
25330,25331,226,6,232
25331,25332,531,14,545
25332,25333,982,20,1002
25333,25334,610,11,621
25334,25335,956,71,1027
25335,25336,354,9,363
25336,25337,16411,267,16678
25337,25338,1443,37,1480
25338,25339,431,11,442
25339,25340,479,11,490
25340,25341,238,5,243
25341,25342,32,3,35
25342,25343,617,7,624
25343,25344,49,0,49
25344,25345,715,8,723
25345,25346,1351,26,1377
25346,25347,22,1,23
25347,25348,75,5,80
25348,25349,655,12,667
25349,25350,2859,63,2922
25350,25351,2437,171,2608
25351,25352,1517,39,1556
25352,25353,249,5,254
25353,25354,2809,66,2875
25354,25355,353,3,356
25355,25356,279,8,287
25356,25357,1204,25,1229
25357,25358,156,7,163
25358,25359,1469,59,1528
25359,25360,320,11,331
25360,25361,9070,233,9303
25361,25362,845,9,854
25362,25363,411,20,431
25363,25364,384,8,392
25364,25365,840,17,857
25365,25366,1277,18,1295
25366,25367,375,0,375
25367,25368,416,11,427
25368,25369,1652,48,1700
25369,25370,203,2,205
25370,25371,756,7,763
25371,25372,89,3,92
25372,25373,1162,20,1182
25373,25374,1334,23,1357
25374,25375,4246,110,4356
25375,25376,147,4,151
25376,25377,3370,101,3471
25377,25378,1866,46,1912
25378,25379,95,2,97
25379,25380,486,10,496
25380,25381,968,26,994
25381,25382,4087,63,4150
25382,25383,390,5,395
25383,25384,239,3,242
25384,25385,6008,200,6208
25385,25386,6383,68,6451
25386,25387,601,38,639
25387,25388,236,8,244
25388,25389,1928,29,1957
25389,25390,1224,28,1252
25390,25391,173,3,176
25391,25392,1130,26,1156
25392,25393,495,5,500
25393,25394,2683,71,2754
25394,25395,230,4,234
25395,25396,1844,38,1882
25396,25397,280,11,291
25397,25398,1658,23,1681
25398,25399,176,3,179
25399,25400,555,14,569
25400,25401,421,13,434
25401,25402,413,11,424
25402,25403,104,2,106
25403,25404,2029,50,2079
25404,25405,611,0,611
25405,25406,1997,43,2040
25406,25407,223,1,224
25407,25408,310,3,313
25408,25409,154,5,159
25409,25410,174,1,175
25410,25411,1143,18,1161
25411,25412,1627,44,1671
25412,25413,365,5,370
25413,25414,223,2,225
25414,25415,452,3,455
25415,25416,245,8,253
25416,25417,110,0,110
25417,25418,215,2,217
25418,25419,310,3,313
25419,25420,283,5,288
25420,25421,88,1,89
25421,25422,721,15,736
25422,25423,753,15,768
25423,25424,491,14,505
25424,25425,7392,106,7498
25425,25426,1299,26,1325
25426,25427,66,2,68
25427,25428,345,7,352
25428,25429,637,17,654
25429,25430,1442,27,1469
25430,25431,105,6,111
25431,25432,967,22,989
25432,25433,873,16,889
25433,25434,152,4,156
25434,25435,422,2,424
25435,25436,143,6,149
25436,25437,71,1,72
25437,25438,1872,21,1893
25438,25439,114,3,117
25439,25440,175,3,178
25440,25441,482,13,495
25441,25442,439,16,455
25442,25443,2236,48,2284
25443,25444,872,19,891
25444,25445,223,9,232
25445,25446,142,3,145
25446,25447,136,1,137
25447,25448,1683,34,1717
25448,25449,365,5,370
25449,25450,15873,252,16125
25450,25451,150,0,150
25451,25452,1461,38,1499
25452,25453,231,5,236
25453,25454,2779,49,2828
25454,25455,120,3,123
25455,25456,219,7,226
25456,25457,142,3,145
25457,25458,291,0,291
25458,25459,122,2,124
25459,25460,114,3,117
25460,25461,247,3,250
25461,25462,3401,62,3463
25462,25463,6765,145,6910
25463,25464,162,3,165
25464,25465,3373,84,3457
25465,25466,163,5,168
25466,25467,187,3,190
25467,25468,139,2,141
25468,25469,566,11,577
25469,25470,168,5,173
25470,25471,764,12,776
25471,25472,243,9,252
25472,25473,552,5,557
25473,25474,746,4,750
25474,25475,676,15,691
25475,25476,838,15,853
25476,25477,11254,277,11531
25477,25478,143,1,144
25478,25479,179,7,186
25479,25480,284,6,290
25480,25481,136,3,139
25481,25482,3278,29,3307
25482,25483,2656,61,2717
25483,25484,206,5,211
25484,25485,2026,33,2059
25485,25486,4225,60,4285
25486,25487,15229,280,15509
25487,25488,1426,38,1464
25488,25489,1688,37,1725
25489,25490,748,22,770
25490,25491,1311,33,1344
25491,25492,282,8,290
25492,25493,238,5,243
25493,25494,6055,46,6101
25494,25495,1130,38,1168
25495,25496,315,5,320
25496,25497,51,3,54
25497,25498,1656,35,1691
25498,25499,2670,46,2716
25499,25500,411,16,427
25500,25501,376,5,381
25501,25502,206,7,213
25502,25503,1001,13,1014
25503,25504,646,18,664
25504,25505,102,4,106
25505,25506,293,3,296
25506,25507,406,14,420
25507,25508,1048,17,1065
25508,25509,950,17,967
25509,25510,115,4,119
25510,25511,270,3,273
25511,25512,144,3,147
25512,25513,2924,30,2954
25513,25514,138,4,142
25514,25515,888,21,909
25515,25516,128,2,130
25516,25517,133,4,137
25517,25518,127,2,129
25518,25519,132,6,138
25519,25520,844,18,862
25520,25521,1399,24,1423
25521,25522,195,4,199
25522,25523,670,5,675
25523,25524,468,15,483
25524,25525,6542,64,6606
25525,25526,447,12,459
25526,25527,246,11,257
25527,25528,4860,88,4948
25528,25529,4337,85,4422
25529,25530,252,2,254
25530,25531,2133,63,2196
25531,25532,3536,45,3581
25532,25533,1004,20,1024
25533,25534,1484,28,1512
25534,25535,645,81,726
25535,25536,157,4,161
25536,25537,1491,38,1529
25537,25538,500,9,509
25538,25539,1044,13,1057
25539,25540,1805,113,1918
25540,25541,826,28,854
25541,25542,508,8,516
25542,25543,481,7,488
25543,25544,782,15,797
25544,25545,685,22,707
25545,25546,198,3,201
25546,25547,319,2,321
25547,25548,154,5,159
25548,25549,5458,67,5525
25549,25550,186,10,196
25550,25551,943,38,981
25551,25552,654,12,666
25552,25553,37,1,38
25553,25554,724,26,750
25554,25555,2214,60,2274
25555,25556,10071,102,10173
25556,25557,378,12,390
25557,25558,3000,68,3068
25558,25559,246,5,251
25559,25560,89,3,92
25560,25561,1024,18,1042
25561,25562,918,14,932
25562,25563,247,5,252
25563,25564,535,18,553
25564,25565,47621,342,47963
25565,25566,1589,35,1624
25566,25567,84,0,84
25567,25568,4510,102,4612
25568,25569,65,0,65
25569,25570,29169,183,29352
25570,25571,99,4,103
25571,25572,429,9,438
25572,25573,323,11,334
25573,25574,763,9,772
25574,25575,1812,36,1848
25575,25576,943,15,958
25576,25577,1419,50,1469
25577,25578,214,5,219
25578,25579,581,13,594
25579,25580,444,11,455
25580,25581,236,9,245
25581,25582,658,11,669
25582,25583,360,11,371
25583,25584,172,2,174
25584,25585,846,25,871
25585,25586,843,34,877
25586,25587,111,3,114
25587,25588,1439,14,1453
25588,25589,265,8,273
25589,25590,472,16,488
25590,25591,381,10,391
25591,25592,1688,28,1716
25592,25593,3689,441,4130
25593,25594,596,11,607
25594,25595,34586,476,35062
25595,25596,4678,99,4777
25596,25597,16130,174,16304
25597,25598,1121,18,1139
25598,25599,326,4,330
25599,25600,41,1,42
25600,25601,1365,31,1396
25601,25602,143,1,144
25602,25603,1229,38,1267
25603,25604,499,7,506
25604,25605,874,35,909
25605,25606,461,11,472
25606,25607,101,2,103
25607,25608,236,2,238
25608,25609,442,14,456
25609,25610,9909,108,10017
25610,25611,145,1,146
25611,25612,206,1,207
25612,25613,653,20,673
25613,25614,2161,15,2176
25614,25615,304,7,311
25615,25616,51,2,53
25616,25617,472,10,482
25617,25618,568,14,582
25618,25619,2221,46,2267
25619,25620,1640,57,1697
25620,25621,545,9,554
25621,25622,995,40,1035
25622,25623,124,3,127
25623,25624,182,6,188
25624,25625,261,4,265
25625,25626,208,6,214
25626,25627,874,11,885
25627,25628,1199,30,1229
25628,25629,299,2,301
25629,25630,395,10,405
25630,25631,340,2,342
25631,25632,370,13,383
25632,25633,344,7,351
25633,25634,37,0,37
25634,25635,129,4,133
25635,25636,3150,66,3216
25636,25637,57,3,60
25637,25638,933,29,962
25638,25639,4019,71,4090
25639,25640,760,10,770
25640,25641,251,12,263
25641,25642,233,3,236
25642,25643,268,5,273
25643,25644,44,0,44
25644,25645,2126,47,2173
25645,25646,2229,39,2268
25646,25647,2460,88,2548
25647,25648,934,21,955
25648,25649,231,4,235
25649,25650,4817,94,4911
25650,25651,9521,183,9704
25651,25652,2885,62,2947
25652,25653,1202,18,1220
25653,25654,260,1,261
25654,25655,195,3,198
25655,25656,211,2,213
25656,25657,495,4,499
25657,25658,243,3,246
25658,25659,354,6,360
25659,25660,489,9,498
25660,25661,326,5,331
25661,25662,352,2,354
25662,25663,3694,63,3757
25663,25664,338,5,343
25664,25665,1261,24,1285
25665,25666,190,5,195
25666,25667,464,6,470
25667,25668,264,10,274
25668,25669,284,10,294
25669,25670,1863,46,1909
25670,25671,529,19,548
25671,25672,3599,49,3648
25672,25673,179,6,185
25673,25674,210,11,221
25674,25675,33,0,33
25675,25676,356,9,365
25676,25677,1394,32,1426
25677,25678,350,3,353
25678,25679,415,9,424
25679,25680,349,4,353
25680,25681,362,11,373
25681,25682,1939,33,1972
25682,25683,82,1,83
25683,25684,1854,16,1870
25684,25685,748,19,767
25685,25686,902,15,917
25686,25687,374,9,383
25687,25688,383,11,394
25688,25689,3018,70,3088
25689,25690,54,1,55
25690,25691,279,4,283
25691,25692,75,4,79
25692,25693,1567,22,1589
25693,25694,1157,40,1197
25694,25695,319,6,325
25695,25696,265,9,274
25696,25697,174,4,178
25697,25698,543,11,554
25698,25699,136,3,139
25699,25700,416,11,427
25700,25701,2031,23,2054
25701,25702,3410,52,3462
25702,25703,4385,115,4500
25703,25704,471,15,486
25704,25705,77,1,78
25705,25706,646,17,663
25706,25707,416,14,430
25707,25708,368,46,414
25708,25709,202,8,210
25709,25710,426,14,440
25710,25711,19050,913,19963
25711,25712,1356,39,1395
25712,25713,2078,95,2173
25713,25714,451,5,456
25714,25715,652,11,663
25715,25716,620,12,632
25716,25717,462,6,468
25717,25718,485,17,502
25718,25719,226,8,234
25719,25720,1042,21,1063
25720,25721,2029,11,2040
25721,25722,189,4,193
25722,25723,534,8,542
25723,25724,867,8,875
25724,25725,253,2,255
25725,25726,746,21,767
25726,25727,414,5,419
25727,25728,7242,140,7382
25728,25729,1124,5,1129
25729,25730,408,8,416
25730,25731,46803,1338,48141
25731,25732,532,23,555
25732,25733,3193,54,3247
25733,25734,1076,18,1094
25734,25735,482,4,486
25735,25736,584,14,598
25736,25737,127,3,130
25737,25738,578,11,589
25738,25739,1615,50,1665
25739,25740,1652,23,1675
25740,25741,555,19,574
25741,25742,1548,53,1601
25742,25743,3391,117,3508
25743,25744,6095,68,6163
25744,25745,22377,199,22576
25745,25746,311,6,317
25746,25747,1955,115,2070
25747,25748,1236,68,1304
25748,25749,180,1,181
25749,25750,370,2,372
25750,25751,1633,39,1672
25751,25752,109,3,112
25752,25753,426,9,435
25753,25754,129,1,130
25754,25755,437,9,446
25755,25756,547,12,559
25756,25757,1106,48,1154
25757,25758,1432,39,1471
25758,25759,213,2,215
25759,25760,436,7,443
25760,25761,2380,69,2449
25761,25762,283,7,290
25762,25763,861,17,878
25763,25764,799,17,816
25764,25765,146,5,151
25765,25766,128,2,130
25766,25767,121,6,127
25767,25768,541,14,555
25768,25769,1384,35,1419
25769,25770,1289,46,1335
25770,25771,6289,128,6417
25771,25772,2020,46,2066
25772,25773,189,6,195
25773,25774,7766,179,7945
25774,25775,5001,50,5051
25775,25776,327,11,338
25776,25777,361,9,370
25777,25778,50,3,53
25778,25779,94,1,95
25779,25780,3875,26,3901
25780,25781,417,11,428
25781,25782,273,14,287
25782,25783,161,7,168
25783,25784,63,1,64
25784,25785,118,0,118
25785,25786,179,6,185
25786,25787,825,23,848
25787,25788,333,6,339
25788,25789,638,11,649
25789,25790,181,2,183
25790,25791,1624,19,1643
25791,25792,265,6,271
25792,25793,2439,34,2473
25793,25794,661,18,679
25794,25795,2571,42,2613
25795,25796,576,10,586
25796,25797,5118,85,5203
25797,25798,2698,29,2727
25798,25799,999,20,1019
25799,25800,454,13,467
25800,25801,519,10,529
25801,25802,66,0,66
25802,25803,113,5,118
25803,25804,87,2,89
25804,25805,189,2,191
25805,25806,474,9,483
25806,25807,941,7,948
25807,25808,481,10,491
25808,25809,297,7,304
25809,25810,575,4,579
25810,25811,796,18,814
25811,25812,545,14,559
25812,25813,272,5,277
25813,25814,139,4,143
25814,25815,140,4,144
25815,25816,437,14,451
25816,25817,32489,592,33081
25817,25818,1389,33,1422
25818,25819,11136,182,11318
25819,25820,146,3,149
25820,25821,473,8,481
25821,25822,146,5,151
25822,25823,308,8,316
25823,25824,88,1,89
25824,25825,185,5,190
25825,25826,1158,98,1256
25826,25827,390,11,401
25827,25828,1121,20,1141
25828,25829,416,12,428
25829,25830,906,20,926
25830,25831,1463,28,1491
25831,25832,24,2,26
25832,25833,1186,22,1208
25833,25834,613,8,621
25834,25835,110,3,113
25835,25836,336,10,346
25836,25837,343,5,348
25837,25838,268,2,270
25838,25839,553,5,558
25839,25840,717,17,734
25840,25841,1444,12,1456
25841,25842,261,5,266
25842,25843,317,9,326
25843,25844,283,5,288
25844,25845,651,12,663
25845,25846,114,0,114
25846,25847,422,9,431
25847,25848,1761,27,1788
25848,25849,1407,23,1430
25849,25850,382,16,398
25850,25851,332,10,342
25851,25852,327,8,335
25852,25853,949,12,961
25853,25854,240,5,245
25854,25855,538,15,553
25855,25856,467,9,476
25856,25857,602,4,606
25857,25858,128,4,132
25858,25859,2447,39,2486
25859,25860,120,6,126
25860,25861,152,7,159
25861,25862,836,16,852
25862,25863,279,7,286
25863,25864,570,13,583
25864,25865,37935,265,38200
25865,25866,148,7,155
25866,25867,1383,40,1423
25867,25868,418,4,422
25868,25869,220,5,225
25869,25870,5512,175,5687
25870,25871,642,27,669
25871,25872,444,5,449
25872,25873,174,3,177
25873,25874,795,20,815
25874,25875,436,7,443
25875,25876,127,6,133
25876,25877,526,9,535
25877,25878,1535,31,1566
25878,25879,366,5,371
25879,25880,198,5,203
25880,25881,667,9,676
25881,25882,627,14,641
25882,25883,363,11,374
25883,25884,728,6,734
25884,25885,176,3,179
25885,25886,185,2,187
25886,25887,101,6,107
25887,25888,487,4,491
25888,25889,13413,299,13712
25889,25890,52,3,55
25890,25891,2523,19,2542
25891,25892,821,58,879
25892,25893,362,6,368
25893,25894,230,7,237
25894,25895,122,7,129
25895,25896,655,7,662
25896,25897,1625,39,1664
25897,25898,157,4,161
25898,25899,568,10,578
25899,25900,191,2,193
25900,25901,550,5,555
25901,25902,315,13,328
25902,25903,154,3,157
25903,25904,94,0,94
25904,25905,2766,26,2792
25905,25906,930,21,951
25906,25907,398,8,406
25907,25908,292,6,298
25908,25909,1569,41,1610
25909,25910,247,4,251
25910,25911,1128,37,1165
25911,25912,734,10,744
25912,25913,2215,20,2235
25913,25914,1083,31,1114
25914,25915,96,1,97
25915,25916,1090,18,1108
25916,25917,5776,131,5907
25917,25918,576,10,586
25918,25919,1096,38,1134
25919,25920,4497,62,4559
25920,25921,172,5,177
25921,25922,248,5,253
25922,25923,361,8,369
25923,25924,102,4,106
25924,25925,143,5,148
25925,25926,815,17,832
25926,25927,730,19,749
25927,25928,772,14,786
25928,25929,300,2,302
25929,25930,679,20,699
25930,25931,568,11,579
25931,25932,4621,146,4767
25932,25933,193,8,201
25933,25934,705,18,723
25934,25935,171,2,173
25935,25936,124,1,125
25936,25937,199,4,203
25937,25938,173,4,177
25938,25939,2483,39,2522
25939,25940,287,7,294
25940,25941,166,1,167
25941,25942,306,11,317
25942,25943,27,0,27
25943,25944,145,2,147
25944,25945,1082,18,1100
25945,25946,629,24,653
25946,25947,844,17,861
25947,25948,278,4,282
25948,25949,124,3,127
25949,25950,238,6,244
25950,25951,1023,30,1053
25951,25952,242,11,253
25952,25953,437,6,443
25953,25954,1469,34,1503
25954,25955,453,1,454
25955,25956,168,1,169
25956,25957,159,4,163
25957,25958,2697,24,2721
25958,25959,245,10,255
25959,25960,3095,19,3114
25960,25961,562,17,579
25961,25962,1660,62,1722
25962,25963,737,21,758
25963,25964,1911,68,1979
25964,25965,120,2,122
25965,25966,3853,189,4042
25966,25967,352,13,365
25967,25968,194,4,198
25968,25969,385,5,390
25969,25970,138,1,139
25970,25971,85,1,86
25971,25972,273,7,280
25972,25973,100,2,102
25973,25974,928,11,939
25974,25975,340,12,352
25975,25976,5578,88,5666
25976,25977,61,0,61
25977,25978,3815,75,3890
25978,25979,890,59,949
25979,25980,3181,57,3238
25980,25981,327,4,331
25981,25982,782,20,802
25982,25983,204,7,211
25983,25984,289,5,294
25984,25985,567,8,575
25985,25986,137,1,138
25986,25987,1033,22,1055
25987,25988,267,7,274
25988,25989,205,4,209
25989,25990,217,7,224
25990,25991,930,16,946
25991,25992,5880,62,5942
25992,25993,114,3,117
25993,25994,5923,134,6057
25994,25995,109,0,109
25995,25996,13,2,15
25996,25997,340,17,357
25997,25998,226,3,229
25998,25999,145,6,151
25999,26000,210,4,214
26000,26001,432,12,444
26001,26002,376,13,389
26002,26003,1235,47,1282
26003,26004,1294,19,1313
26004,26005,544,14,558
26005,26006,804,31,835
26006,26007,506,9,515
26007,26008,594,12,606
26008,26009,997,11,1008
26009,26010,343,3,346
26010,26011,174,3,177
26011,26012,486,4,490
26012,26013,1079,14,1093
26013,26014,4883,96,4979
26014,26015,2323,35,2358
26015,26016,403,7,410
26016,26017,284,11,295
26017,26018,538,11,549
26018,26019,268,8,276
26019,26020,3685,77,3762
26020,26021,154,4,158
26021,26022,74976,912,75888
26022,26023,403,5,408
26023,26024,941,8,949
26024,26025,903,26,929
26025,26026,235,2,237
26026,26027,1544,37,1581
26027,26028,186,6,192
26028,26029,419,69,488
26029,26030,255,2,257
26030,26031,98,3,101
26031,26032,417,5,422
26032,26033,313,13,326
26033,26034,217,3,220
26034,26035,301,10,311
26035,26036,3962,39,4001
26036,26037,754,8,762
26037,26038,2645,54,2699
26038,26039,103,4,107
26039,26040,2634,72,2706
26040,26041,760,11,771
26041,26042,468,23,491
26042,26043,62,1,63
26043,26044,895,30,925
26044,26045,632,18,650
26045,26046,208,5,213
26046,26047,255,7,262
26047,26048,1817,21,1838
26048,26049,210,3,213
26049,26050,528,11,539
26050,26051,168,3,171
26051,26052,126,4,130
26052,26053,6387,94,6481
26053,26054,1299,36,1335
26054,26055,1222,28,1250
26055,26056,593,24,617
26056,26057,372,6,378
26057,26058,1052,25,1077
26058,26059,571,12,583
26059,26060,184,4,188
26060,26061,98,1,99
26061,26062,372,6,378
26062,26063,340,11,351
26063,26064,606,19,625
26064,26065,856,12,868
26065,26066,792,13,805
26066,26067,1155,25,1180
26067,26068,181,5,186
26068,26069,1367,36,1403
26069,26070,198,6,204
26070,26071,415,5,420
26071,26072,10019,110,10129
26072,26073,395,5,400
26073,26074,656,16,672
26074,26075,17095,497,17592
26075,26076,1306,36,1342
26076,26077,35,1,36
26077,26078,469,11,480
26078,26079,284,9,293
26079,26080,2127,54,2181
26080,26081,5474,78,5552
26081,26082,129,1,130
26082,26083,947,16,963
26083,26084,1106,33,1139
26084,26085,171,2,173
26085,26086,193,5,198
26086,26087,129,3,132
26087,26088,289,4,293
26088,26089,612,5,617
26089,26090,886,10,896
26090,26091,1319,35,1354
26091,26092,274,9,283
26092,26093,3314,57,3371
26093,26094,5233,89,5322
26094,26095,311,8,319
26095,26096,90,2,92
26096,26097,405,8,413
26097,26098,607,22,629
26098,26099,266,20,286
26099,26100,657,11,668
26100,26101,118,4,122
26101,26102,316,8,324
26102,26103,149,5,154
26103,26104,245,3,248
26104,26105,389,9,398
26105,26106,352,13,365
26106,26107,731,10,741
26107,26108,236,6,242
26108,26109,230,3,233
26109,26110,527,4,531
26110,26111,475,6,481
26111,26112,222,4,226
26112,26113,350,12,362
26113,26114,2467,280,2747
26114,26115,326,5,331
26115,26116,328,1,329
26116,26117,307,8,315
26117,26118,836,13,849
26118,26119,299,4,303
26119,26120,77,1,78
26120,26121,161,3,164
26121,26122,305,6,311
26122,26123,451,15,466
26123,26124,260,3,263
26124,26125,31,0,31
26125,26126,323,7,330
26126,26127,456,13,469
26127,26128,2341,80,2421
26128,26129,1235,24,1259
26129,26130,1287,32,1319
26130,26131,281,7,288
26131,26132,121,5,126
26132,26133,1836,56,1892
26133,26134,20484,147,20631
26134,26135,856,25,881
26135,26136,566,11,577
26136,26137,863,16,879
26137,26138,4039,71,4110
26138,26139,5820,110,5930
26139,26140,2716,59,2775
26140,26141,425,11,436
26141,26142,315,10,325
26142,26143,1897,43,1940
26143,26144,215,0,215
26144,26145,197,11,208
26145,26146,1724,21,1745
26146,26147,178,5,183
26147,26148,325,7,332
26148,26149,517,6,523
26149,26150,351,7,358
26150,26151,497,6,503
26151,26152,822,17,839
26152,26153,202,5,207
26153,26154,94,0,94
26154,26155,2302,43,2345
26155,26156,547,15,562
26156,26157,3098,40,3138
26157,26158,2391,22,2413
26158,26159,1706,24,1730
26159,26160,200,7,207
26160,26161,980,24,1004
26161,26162,31808,520,32328
26162,26163,566,12,578
26163,26164,1322,23,1345
26164,26165,926,20,946
26165,26166,4599,164,4763
26166,26167,103,3,106
26167,26168,265,2,267
26168,26169,4327,108,4435
26169,26170,337,9,346
26170,26171,234,3,237
26171,26172,1032,28,1060
26172,26173,492,12,504
26173,26174,3994,257,4251
26174,26175,137,4,141
26175,26176,1875,41,1916
26176,26177,2784,43,2827
26177,26178,2069,35,2104
26178,26179,325,3,328
26179,26180,615,7,622
26180,26181,323,3,326
26181,26182,86,2,88
26182,26183,814,10,824
26183,26184,209,9,218
26184,26185,2960,90,3050
26185,26186,1201,25,1226
26186,26187,762,3,765
26187,26188,986,18,1004
26188,26189,760,20,780
26189,26190,168,3,171
26190,26191,4687,53,4740
26191,26192,120,1,121
26192,26193,3719,60,3779
26193,26194,1095,14,1109
26194,26195,977,25,1002
26195,26196,305,12,317
26196,26197,7417,73,7490
26197,26198,3245,66,3311
26198,26199,272,4,276
26199,26200,423,4,427
26200,26201,2296,30,2326
26201,26202,417,6,423
26202,26203,1645,19,1664
26203,26204,165,2,167
26204,26205,81,2,83
26205,26206,247,8,255
26206,26207,1594,45,1639
26207,26208,470,11,481
26208,26209,67,0,67
26209,26210,407,9,416
26210,26211,800,14,814
26211,26212,663,13,676
26212,26213,1083,31,1114
26213,26214,632,13,645
26214,26215,921,18,939
26215,26216,1696,47,1743
26216,26217,122,4,126
26217,26218,3847,123,3970
26218,26219,4920,210,5130
26219,26220,1145,22,1167
26220,26221,187,2,189
26221,26222,1115,12,1127
26222,26223,1243,24,1267
26223,26224,648,6,654
26224,26225,1127,24,1151
26225,26226,72,0,72
26226,26227,104,1,105
26227,26228,81,3,84
26228,26229,208,9,217
26229,26230,12696,229,12925
26230,26231,89,1,90
26231,26232,1828,15,1843
26232,26233,204,6,210
26233,26234,296,9,305
26234,26235,1897,32,1929
26235,26236,968,25,993
26236,26237,99,2,101
26237,26238,174,5,179
26238,26239,2426,31,2457
26239,26240,1313,29,1342
26240,26241,783,13,796
26241,26242,204,3,207
26242,26243,1696,16,1712
26243,26244,1322,24,1346
26244,26245,834,12,846
26245,26246,239,6,245
26246,26247,24674,115,24789
26247,26248,125,6,131
26248,26249,121,4,125
26249,26250,278,6,284
26250,26251,257,9,266
26251,26252,993,19,1012
26252,26253,503,13,516
26253,26254,225,7,232
26254,26255,216,5,221
26255,26256,828,35,863
26256,26257,561,6,567
26257,26258,537,5,542
26258,26259,50697,129,50826
26259,26260,299,8,307
26260,26261,1650,22,1672
26261,26262,218,3,221
26262,26263,1782,36,1818
26263,26264,767,35,802
26264,26265,2069,62,2131
26265,26266,237,1,238
26266,26267,4078,149,4227
26267,26268,1009,16,1025
26268,26269,2293,52,2345
26269,26270,110,3,113
26270,26271,497,8,505
26271,26272,434,6,440
26272,26273,207,3,210
26273,26274,299,7,306
26274,26275,3907,85,3992
26275,26276,297,10,307
26276,26277,310,6,316
26277,26278,711,49,760
26278,26279,159,3,162
26279,26280,189,3,192
26280,26281,67,1,68
26281,26282,4751,92,4843
26282,26283,420,22,442
26283,26284,883,20,903
26284,26285,600,10,610
26285,26286,228,3,231
26286,26287,393,13,406
26287,26288,399,8,407
26288,26289,1105,19,1124
26289,26290,201,8,209
26290,26291,1862,42,1904
26291,26292,169,6,175
26292,26293,193,5,198
26293,26294,608,15,623
26294,26295,191,0,191
26295,26296,480,6,486
26296,26297,177,2,179
26297,26298,1168,13,1181
26298,26299,1327,13,1340
26299,26300,197,5,202
26300,26301,295,14,309
26301,26302,284,2,286
26302,26303,2329,37,2366
26303,26304,144,3,147
26304,26305,1246,27,1273
26305,26306,3167,49,3216
26306,26307,1043,18,1061
26307,26308,403,10,413
26308,26309,377,8,385
26309,26310,142,5,147
26310,26311,2106,248,2354
26311,26312,1647,25,1672
26312,26313,6110,53,6163
26313,26314,178,3,181
26314,26315,218,6,224
26315,26316,1556,63,1619
26316,26317,1084,28,1112
26317,26318,1003,26,1029
26318,26319,277,3,280
26319,26320,826,11,837
26320,26321,8736,436,9172
26321,26322,373,4,377
26322,26323,566,18,584
26323,26324,293,6,299
26324,26325,34,0,34
26325,26326,174,10,184
26326,26327,106,3,109
26327,26328,1790,18,1808
26328,26329,282,9,291
26329,26330,1330,27,1357
26330,26331,105,5,110
26331,26332,304,8,312
26332,26333,186,5,191
26333,26334,1562,21,1583
26334,26335,2247,41,2288
26335,26336,3252,70,3322
26336,26337,176,5,181
26337,26338,1539,42,1581
26338,26339,597,19,616
26339,26340,831,14,845
26340,26341,970,16,986
26341,26342,2487,83,2570
26342,26343,1357,31,1388
26343,26344,1757,42,1799
26344,26345,441,7,448
26345,26346,4817,59,4876
26346,26347,1328,35,1363
26347,26348,1248,19,1267
26348,26349,291,5,296
26349,26350,519,0,519
26350,26351,139,3,142
26351,26352,285,7,292
26352,26353,958,21,979
26353,26354,1029,21,1050
26354,26355,13381,481,13862
26355,26356,885,13,898
26356,26357,267,1,268
26357,26358,1829,48,1877
26358,26359,529,59,588
26359,26360,1622,25,1647
26360,26361,180,7,187
26361,26362,201,4,205
26362,26363,1830,59,1889
26363,26364,2435,56,2491
26364,26365,1916,58,1974
26365,26366,1311,15,1326
26366,26367,1725,32,1757
26367,26368,140,7,147
26368,26369,1042,19,1061
26369,26370,1074,41,1115
26370,26371,187,3,190
26371,26372,609,12,621
26372,26373,513,11,524
26373,26374,3535,39,3574
26374,26375,9076,194,9270
26375,26376,654,14,668
26376,26377,1323,28,1351
26377,26378,173,1,174
26378,26379,119,3,122
26379,26380,789,6,795
26380,26381,508,8,516
26381,26382,5198,66,5264
26382,26383,375,5,380
26383,26384,493,10,503
26384,26385,1059,30,1089
26385,26386,359,21,380
26386,26387,333,9,342
26387,26388,30,1,31
26388,26389,163,9,172
26389,26390,209,1,210
26390,26391,763,25,788
26391,26392,985,18,1003
26392,26393,391,3,394
26393,26394,439,9,448
26394,26395,166,5,171
26395,26396,250,5,255
26396,26397,1187,27,1214
26397,26398,1536,84,1620
26398,26399,365,12,377
26399,26400,620,18,638
26400,26401,349,6,355
26401,26402,2056,39,2095
26402,26403,483,5,488
26403,26404,169,4,173
26404,26405,159,0,159
26405,26406,4097,103,4200
26406,26407,307,10,317
26407,26408,535,6,541
26408,26409,162,0,162
26409,26410,158,0,158
26410,26411,61,1,62
26411,26412,1311,20,1331
26412,26413,451,15,466
26413,26414,769,20,789
26414,26415,1811,15,1826
26415,26416,5491,97,5588
26416,26417,6634,98,6732
26417,26418,968,32,1000
26418,26419,289,6,295
26419,26420,178,4,182
26420,26421,758,16,774
26421,26422,295,2,297
26422,26423,1704,38,1742
26423,26424,236,3,239
26424,26425,4579,82,4661
26425,26426,962,26,988
26426,26427,351,6,357
26427,26428,885,17,902
26428,26429,465,12,477
26429,26430,844,19,863
26430,26431,430,25,455
26431,26432,595,12,607
26432,26433,414,19,433
26433,26434,487,6,493
26434,26435,420,2,422
26435,26436,404,3,407
26436,26437,321,8,329
26437,26438,109,4,113
26438,26439,348,4,352
26439,26440,892,27,919
26440,26441,885,16,901
26441,26442,897,15,912
26442,26443,1227,21,1248
26443,26444,116,6,122
26444,26445,781,6,787
26445,26446,215,5,220
26446,26447,176,10,186
26447,26448,665,23,688
26448,26449,246,3,249
26449,26450,456,8,464
26450,26451,415,18,433
26451,26452,618,12,630
26452,26453,2306,33,2339
26453,26454,848,16,864
26454,26455,509,12,521
26455,26456,259,4,263
26456,26457,135,1,136
26457,26458,263,10,273
26458,26459,234,3,237
26459,26460,182,5,187
26460,26461,15967,250,16217
26461,26462,1614,22,1636
26462,26463,276,1,277
26463,26464,72,0,72
26464,26465,922,27,949
26465,26466,155,5,160
26466,26467,1853,33,1886
26467,26468,224,5,229
26468,26469,90,4,94
26469,26470,1444,26,1470
26470,26471,1012,13,1025
26471,26472,475,10,485
26472,26473,542,11,553
26473,26474,1331,20,1351
26474,26475,190,4,194
26475,26476,261,2,263
26476,26477,375,8,383
26477,26478,79,2,81
26478,26479,353,9,362
26479,26480,11220,111,11331
26480,26481,1404,20,1424
26481,26482,585,1,586
26482,26483,1249,26,1275
26483,26484,7329,340,7669
26484,26485,7091,139,7230
26485,26486,823,12,835
26486,26487,1091,16,1107
26487,26488,142,3,145
26488,26489,708,8,716
26489,26490,132,5,137
26490,26491,431,6,437
26491,26492,2265,44,2309
26492,26493,911,10,921
26493,26494,381,8,389
26494,26495,2596,60,2656
26495,26496,63,1,64
26496,26497,126,7,133
26497,26498,443,9,452
26498,26499,1879,26,1905
26499,26500,364,10,374
26500,26501,265,3,268
26501,26502,283,11,294
26502,26503,742,18,760
26503,26504,139,2,141
26504,26505,8283,71,8354
26505,26506,48,4,52
26506,26507,5394,89,5483
26507,26508,109,1,110
26508,26509,358,3,361
26509,26510,141,3,144
26510,26511,136,4,140
26511,26512,66,1,67
26512,26513,1810,25,1835
26513,26514,153,3,156
26514,26515,526,2,528
26515,26516,155,8,163
26516,26517,376,9,385
26517,26518,392,6,398
26518,26519,1399,47,1446
26519,26520,611,13,624
26520,26521,347,14,361
26521,26522,292,12,304
26522,26523,490,7,497
26523,26524,407,6,413
26524,26525,6709,244,6953
26525,26526,4909,161,5070
26526,26527,257,8,265
26527,26528,143,2,145
26528,26529,944,15,959
26529,26530,352,5,357
26530,26531,362,12,374
26531,26532,296,15,311
26532,26533,638,11,649
26533,26534,1794,185,1979
26534,26535,454,10,464
26535,26536,677,15,692
26536,26537,1896,30,1926
26537,26538,1414,24,1438
26538,26539,953,230,1183
26539,26540,379,10,389
26540,26541,5221,118,5339
26541,26542,76,1,77
26542,26543,2072,67,2139
26543,26544,296,9,305
26544,26545,46927,284,47211
26545,26546,863,17,880
26546,26547,667,12,679
26547,26548,55,0,55
26548,26549,2888,32,2920
26549,26550,143,4,147
26550,26551,482,10,492
26551,26552,702,17,719
26552,26553,6106,95,6201
26553,26554,214,5,219
26554,26555,777,13,790
26555,26556,241,3,244
26556,26557,257,8,265
26557,26558,430,6,436
26558,26559,341,1,342
26559,26560,144,1,145
26560,26561,380,5,385
26561,26562,1790,19,1809
26562,26563,1407,31,1438
26563,26564,401,12,413
26564,26565,397,13,410
26565,26566,349,5,354
26566,26567,222,6,228
26567,26568,5275,128,5403
26568,26569,162,1,163
26569,26570,113,2,115
26570,26571,1909,21,1930
26571,26572,92,1,93
26572,26573,7036,107,7143
26573,26574,215,5,220
26574,26575,341,8,349
26575,26576,135,4,139
26576,26577,1662,29,1691
26577,26578,6076,102,6178
26578,26579,113,4,117
26579,26580,174,4,178
26580,26581,589,15,604
26581,26582,1027,7,1034
26582,26583,1059,20,1079
26583,26584,2333,163,2496
26584,26585,4576,147,4723
26585,26586,1031,16,1047
26586,26587,141,0,141
26587,26588,198,2,200
26588,26589,155,1,156
26589,26590,1159,19,1178
26590,26591,259,6,265
26591,26592,7037,152,7189
26592,26593,418,8,426
26593,26594,752,15,767
26594,26595,7580,219,7799
26595,26596,212,7,219
26596,26597,387,8,395
26597,26598,815,13,828
26598,26599,256,7,263
26599,26600,1290,55,1345
26600,26601,3121,222,3343
26601,26602,53570,1281,54851
26602,26603,6020,64,6084
26603,26604,2559,32,2591
26604,26605,72,1,73
26605,26606,238,4,242
26606,26607,248,8,256
26607,26608,279,6,285
26608,26609,194,7,201
26609,26610,281,5,286
26610,26611,385,7,392
26611,26612,1280,21,1301
26612,26613,3064,63,3127
26613,26614,337,6,343
26614,26615,122,0,122
26615,26616,119,2,121
26616,26617,464,8,472
26617,26618,311,6,317
26618,26619,129,0,129
26619,26620,218,2,220
26620,26621,102,2,104
26621,26622,497,15,512
26622,26623,1475,19,1494
26623,26624,94,3,97
26624,26625,111,2,113
26625,26626,1345,32,1377
26626,26627,384,13,397
26627,26628,371,8,379
26628,26629,711,50,761
26629,26630,579,9,588
26630,26631,150,1,151
26631,26632,6758,66,6824
26632,26633,2188,33,2221
26633,26634,93,2,95
26634,26635,222,4,226
26635,26636,518,12,530
26636,26637,511,12,523
26637,26638,1095,10,1105
26638,26639,525,6,531
26639,26640,438,3,441
26640,26641,104,0,104
26641,26642,50,0,50
26642,26643,241,4,245
26643,26644,106,2,108
26644,26645,338,8,346
26645,26646,858,23,881
26646,26647,8163,195,8358
26647,26648,1443,47,1490
26648,26649,546,5,551
26649,26650,292,3,295
26650,26651,1265,29,1294
26651,26652,145,5,150
26652,26653,604,14,618
26653,26654,134,2,136
26654,26655,211,3,214
26655,26656,295,7,302
26656,26657,1254,18,1272
26657,26658,175,0,175
26658,26659,2352,49,2401
26659,26660,508,12,520
26660,26661,1106,24,1130
26661,26662,1228,50,1278
26662,26663,1248,36,1284
26663,26664,239,5,244
26664,26665,1733,27,1760
26665,26666,4259,40,4299
26666,26667,3346,41,3387
26667,26668,900,18,918
26668,26669,113,3,116
26669,26670,1583,73,1656
26670,26671,368,10,378
26671,26672,1967,106,2073
26672,26673,590,7,597
26673,26674,1218,28,1246
26674,26675,783,21,804
26675,26676,328,4,332
26676,26677,1417,59,1476
26677,26678,871,24,895
26678,26679,396,6,402
26679,26680,4090,64,4154
26680,26681,949,15,964
26681,26682,484,9,493
26682,26683,85,2,87
26683,26684,1461,33,1494
26684,26685,215,3,218
26685,26686,151,14,165
26686,26687,330,7,337
26687,26688,1785,41,1826
26688,26689,167,5,172
26689,26690,711,18,729
26690,26691,59,2,61
26691,26692,948,13,961
26692,26693,883,10,893
26693,26694,436,9,445
26694,26695,608,11,619
26695,26696,402,11,413
26696,26697,306,15,321
26697,26698,221,3,224
26698,26699,799,16,815
26699,26700,105,2,107
26700,26701,64,0,64
26701,26702,238,4,242
26702,26703,579,9,588
26703,26704,124,5,129
26704,26705,1238,21,1259
26705,26706,9769,223,9992
26706,26707,829,14,843
26707,26708,686,21,707
26708,26709,819,13,832
26709,26710,501,18,519
26710,26711,485,4,489
26711,26712,1737,26,1763
26712,26713,1621,29,1650
26713,26714,992,9,1001
26714,26715,7806,159,7965
26715,26716,4041,46,4087
26716,26717,391,6,397
26717,26718,1754,33,1787
26718,26719,1459,31,1490
26719,26720,155,0,155
26720,26721,585,11,596
26721,26722,290,14,304
26722,26723,75,4,79
26723,26724,201,1,202
26724,26725,510,8,518
26725,26726,313,4,317
26726,26727,433,10,443
26727,26728,247,2,249
26728,26729,1637,27,1664
26729,26730,972,19,991
26730,26731,538,15,553
26731,26732,298,5,303
26732,26733,359,15,374
26733,26734,1155,14,1169
26734,26735,1400,48,1448
26735,26736,51,0,51
26736,26737,284,7,291
26737,26738,267,7,274
26738,26739,906,18,924
26739,26740,515,5,520
26740,26741,2877,71,2948
26741,26742,4935,113,5048
26742,26743,827,22,849
26743,26744,992,7,999
26744,26745,724,80,804
26745,26746,11276,159,11435
26746,26747,178,5,183
26747,26748,481,8,489
26748,26749,1128,20,1148
26749,26750,516,11,527
26750,26751,224,11,235
26751,26752,180,6,186
26752,26753,149,7,156
26753,26754,920,17,937
26754,26755,3601,148,3749
26755,26756,1732,29,1761
26756,26757,1229,26,1255
26757,26758,245,7,252
26758,26759,533,15,548
26759,26760,58,2,60
26760,26761,337,1,338
26761,26762,1106,24,1130
26762,26763,121,3,124
26763,26764,360,6,366
26764,26765,1531,27,1558
26765,26766,54,1,55
26766,26767,892,20,912
26767,26768,1088,21,1109
26768,26769,402,6,408
26769,26770,88,3,91
26770,26771,2088,40,2128
26771,26772,364,5,369
26772,26773,306,82,388
26773,26774,1107,31,1138
26774,26775,338,3,341
26775,26776,355,10,365
26776,26777,4202,83,4285
26777,26778,2446,106,2552
26778,26779,534,13,547
26779,26780,3443,59,3502
26780,26781,2351,23,2374
26781,26782,536,16,552
26782,26783,196,5,201
26783,26784,399,5,404
26784,26785,372,3,375
26785,26786,386,9,395
26786,26787,3423,41,3464
26787,26788,346,2,348
26788,26789,1420,59,1479
26789,26790,541,8,549
26790,26791,1829,48,1877
26791,26792,1748,48,1796
26792,26793,1758,36,1794
26793,26794,596,13,609
26794,26795,167,3,170
26795,26796,611,104,715
26796,26797,408,6,414
26797,26798,812,18,830
26798,26799,285,6,291
26799,26800,408,6,414
26800,26801,704,12,716
26801,26802,763,17,780
26802,26803,168,7,175
26803,26804,494,8,502
26804,26805,3141,21,3162
26805,26806,4890,96,4986
26806,26807,165,3,168
26807,26808,630,13,643
26808,26809,194,8,202
26809,26810,1097,48,1145
26810,26811,387,8,395
26811,26812,155,3,158
26812,26813,405,5,410
26813,26814,215,3,218
26814,26815,226,3,229
26815,26816,154,2,156
26816,26817,216,8,224
26817,26818,747,13,760
26818,26819,659,19,678
26819,26820,313,6,319
26820,26821,2921,65,2986
26821,26822,1018,38,1056
26822,26823,353,6,359
26823,26824,458,17,475
26824,26825,344,8,352
26825,26826,199,2,201
26826,26827,614,16,630
26827,26828,918,7,925
26828,26829,1127,66,1193
26829,26830,2254,44,2298
26830,26831,787,16,803
26831,26832,851,17,868
26832,26833,577,4,581
26833,26834,241,0,241
26834,26835,160,4,164
26835,26836,1216,23,1239
26836,26837,120,4,124
26837,26838,3224,29,3253
26838,26839,483,12,495
26839,26840,72,1,73
26840,26841,943,50,993
26841,26842,413,10,423
26842,26843,825,17,842
26843,26844,886,10,896
26844,26845,352,3,355
26845,26846,1192,16,1208
26846,26847,1316,29,1345
26847,26848,278,5,283
26848,26849,157,2,159
26849,26850,230,3,233
26850,26851,1840,55,1895
26851,26852,250,3,253
26852,26853,283,1,284
26853,26854,3309,65,3374
26854,26855,31,0,31
26855,26856,827,9,836
26856,26857,431,12,443
26857,26858,436,13,449
26858,26859,4762,67,4829
26859,26860,1382,41,1423
26860,26861,9336,268,9604
26861,26862,587,14,601
26862,26863,1935,57,1992
26863,26864,85,1,86
26864,26865,350,9,359
26865,26866,1203,17,1220
26866,26867,2325,61,2386
26867,26868,1670,49,1719
26868,26869,148,4,152
26869,26870,153,3,156
26870,26871,919,10,929
26871,26872,1160,29,1189
26872,26873,1076,19,1095
26873,26874,237,5,242
26874,26875,2324,53,2377
26875,26876,589,61,650
26876,26877,1150,20,1170
26877,26878,5789,56,5845
26878,26879,1899,36,1935
26879,26880,120,4,124
26880,26881,836,11,847
26881,26882,205,2,207
26882,26883,425,12,437
26883,26884,479,8,487
26884,26885,777,31,808
26885,26886,3710,96,3806
26886,26887,344,4,348
26887,26888,251,2,253
26888,26889,632,11,643
26889,26890,503,19,522
26890,26891,5594,169,5763
26891,26892,331,6,337
26892,26893,27493,676,28169
26893,26894,1117,17,1134
26894,26895,584,4,588
26895,26896,976,22,998
26896,26897,572,12,584
26897,26898,796,10,806
26898,26899,90,0,90
26899,26900,95,7,102
26900,26901,1062,19,1081
26901,26902,550,3,553
26902,26903,6354,73,6427
26903,26904,81,0,81
26904,26905,2807,36,2843
26905,26906,616,24,640
26906,26907,66,0,66
26907,26908,236,6,242
26908,26909,720,18,738
26909,26910,76,3,79
26910,26911,575,9,584
26911,26912,172,4,176
26912,26913,39,2,41
26913,26914,608,14,622
26914,26915,588,22,610
26915,26916,461,16,477
26916,26917,1899,36,1935
26917,26918,947,21,968
26918,26919,2114,43,2157
26919,26920,1865,77,1942
26920,26921,1038,15,1053
26921,26922,3044,78,3122
26922,26923,395,12,407
26923,26924,538,12,550
26924,26925,540,14,554
26925,26926,760,14,774
26926,26927,521,9,530
26927,26928,118,1,119
26928,26929,1102,9,1111
26929,26930,1834,43,1877
26930,26931,355,9,364
26931,26932,1145,21,1166
26932,26933,3851,71,3922
26933,26934,369,9,378
26934,26935,224,2,226
26935,26936,312,0,312
26936,26937,540,4,544
26937,26938,1646,35,1681
26938,26939,638,10,648
26939,26940,217,1,218
26940,26941,402,14,416
26941,26942,1344,25,1369
26942,26943,1282,29,1311
26943,26944,77,1,78
26944,26945,2062,20,2082
26945,26946,372,3,375
26946,26947,763,5,768
26947,26948,639,7,646
26948,26949,468,10,478
26949,26950,94,3,97
26950,26951,853,9,862
26951,26952,488,7,495
26952,26953,1712,30,1742
26953,26954,1041,16,1057
26954,26955,154,1,155
26955,26956,675,8,683
26956,26957,268,13,281
26957,26958,59,6,65
26958,26959,3928,163,4091
26959,26960,2469,41,2510
26960,26961,258,14,272
26961,26962,3960,152,4112
26962,26963,3654,104,3758
26963,26964,172,3,175
26964,26965,532,12,544
26965,26966,2401,49,2450
26966,26967,1738,114,1852
26967,26968,3062,86,3148
26968,26969,107,4,111
26969,26970,1877,42,1919
26970,26971,2631,44,2675
26971,26972,459,2,461
26972,26973,210,5,215
26973,26974,822,16,838
26974,26975,250,7,257
26975,26976,220,10,230
26976,26977,333,6,339
26977,26978,503,12,515
26978,26979,2249,49,2298
26979,26980,446,9,455
26980,26981,839,21,860
26981,26982,1093,22,1115
26982,26983,310,4,314
26983,26984,359,8,367
26984,26985,336,7,343
26985,26986,767,7,774
26986,26987,2135,46,2181
26987,26988,252,6,258
26988,26989,90,2,92
26989,26990,56,1,57
26990,26991,322,4,326
26991,26992,1191,20,1211
26992,26993,6631,52,6683
26993,26994,194,8,202
26994,26995,1774,29,1803
26995,26996,610,9,619
26996,26997,321,10,331
26997,26998,1137,23,1160
26998,26999,279,8,287
26999,27000,2490,52,2542
27000,27001,200,8,208
27001,27002,1015,17,1032
27002,27003,691,21,712
27003,27004,253,3,256
27004,27005,277,4,281
27005,27006,437,16,453
27006,27007,759,13,772
27007,27008,285,2,287
27008,27009,355,23,378
27009,27010,719,10,729
27010,27011,837,22,859
27011,27012,974,28,1002
27012,27013,673,12,685
27013,27014,361,12,373
27014,27015,254,4,258
27015,27016,233,7,240
27016,27017,1505,48,1553
27017,27018,1000,8,1008
27018,27019,357,13,370
27019,27020,617,6,623
27020,27021,68,2,70
27021,27022,7734,252,7986
27022,27023,333,6,339
27023,27024,1533,26,1559
27024,27025,506,14,520
27025,27026,379,4,383
27026,27027,840,17,857
27027,27028,212,4,216
27028,27029,570,9,579
27029,27030,627,20,647
27030,27031,568,7,575
27031,27032,287,10,297
27032,27033,1535,25,1560
27033,27034,177,4,181
27034,27035,1312,22,1334
27035,27036,1563,42,1605
27036,27037,310,3,313
27037,27038,4922,73,4995
27038,27039,709,14,723
27039,27040,1163,30,1193
27040,27041,128,3,131
27041,27042,320,4,324
27042,27043,245,2,247
27043,27044,354,5,359
27044,27045,383,5,388
27045,27046,1791,24,1815
27046,27047,1180,30,1210
27047,27048,194,8,202
27048,27049,893,32,925
27049,27050,3059,52,3111
27050,27051,761,29,790
27051,27052,1246,21,1267
27052,27053,52,0,52
27053,27054,351,6,357
27054,27055,192,6,198
27055,27056,1713,38,1751
27056,27057,640,8,648
27057,27058,2379,104,2483
27058,27059,5091,163,5254
27059,27060,626,14,640
27060,27061,1156,24,1180
27061,27062,701,13,714
27062,27063,690,11,701
27063,27064,902,10,912
27064,27065,2570,53,2623
27065,27066,221,7,228
27066,27067,6718,432,7150
27067,27068,342,9,351
27068,27069,289,3,292
27069,27070,432,3,435
27070,27071,7381,246,7627
27071,27072,126,2,128
27072,27073,3249,68,3317
27073,27074,608,11,619
27074,27075,2427,24,2451
27075,27076,348,24,372
27076,27077,6051,83,6134
27077,27078,15944,220,16164
27078,27079,247,1,248
27079,27080,438,9,447
27080,27081,853,24,877
27081,27082,42,0,42
27082,27083,95,4,99
27083,27084,181,6,187
27084,27085,919,21,940
27085,27086,2221,50,2271
27086,27087,538,15,553
27087,27088,38,0,38
27088,27089,1549,53,1602
27089,27090,61,1,62
27090,27091,3572,141,3713
27091,27092,104,0,104
27092,27093,107,1,108
27093,27094,310,9,319
27094,27095,1859,47,1906
27095,27096,1575,28,1603
27096,27097,173821,1971,175792
27097,27098,133,3,136
27098,27099,253,5,258
27099,27100,758,20,778
27100,27101,296,9,305
27101,27102,505,27,532
27102,27103,5130,65,5195
27103,27104,819,13,832
27104,27105,240,5,245
27105,27106,302,7,309
27106,27107,711,17,728
27107,27108,1478,39,1517
27108,27109,413,14,427
27109,27110,642,9,651
27110,27111,135,0,135
27111,27112,1653,20,1673
27112,27113,243,11,254
27113,27114,2595,108,2703
27114,27115,1205,23,1228
27115,27116,2833,83,2916
27116,27117,850,13,863
27117,27118,519,17,536
27118,27119,195,4,199
27119,27120,413,9,422
27120,27121,785,19,804
27121,27122,1727,22,1749
27122,27123,7515,193,7708
27123,27124,105,4,109
27124,27125,3206,44,3250
27125,27126,211,4,215
27126,27127,1494,160,1654
27127,27128,3901,78,3979
27128,27129,297,3,300
27129,27130,526,16,542
27130,27131,279,10,289
27131,27132,405,12,417
27132,27133,134,2,136
27133,27134,115,4,119
27134,27135,2210,48,2258
27135,27136,548,12,560
27136,27137,2542,40,2582
27137,27138,2497,45,2542
27138,27139,351,6,357
27139,27140,28352,221,28573
27140,27141,643,51,694
27141,27142,876,14,890
27142,27143,98,5,103
27143,27144,794,15,809
27144,27145,547,9,556
27145,27146,89,8,97
27146,27147,389,25,414
27147,27148,756,11,767
27148,27149,286,7,293
27149,27150,1025,26,1051
27150,27151,1319,35,1354
27151,27152,3847,80,3927
27152,27153,385,13,398
27153,27154,177,3,180
27154,27155,53,0,53
27155,27156,1571,26,1597
27156,27157,583,6,589
27157,27158,330,4,334
27158,27159,259,3,262
27159,27160,243,10,253
27160,27161,3503,113,3616
27161,27162,7317,259,7576
27162,27163,173,2,175
27163,27164,302,5,307
27164,27165,120,4,124
27165,27166,1045,32,1077
27166,27167,355,10,365
27167,27168,1722,33,1755
27168,27169,2048,25,2073
27169,27170,47,0,47
27170,27171,155,3,158
27171,27172,2770,126,2896
27172,27173,2933,53,2986
27173,27174,717,11,728
27174,27175,1029,14,1043
27175,27176,673,7,680
27176,27177,95,4,99
27177,27178,389,8,397
27178,27179,272,4,276
27179,27180,3160,98,3258
27180,27181,178,5,183
27181,27182,985,38,1023
27182,27183,179,7,186
27183,27184,117,2,119
27184,27185,3562,58,3620
27185,27186,774,11,785
27186,27187,544,11,555
27187,27188,376,12,388
27188,27189,127,5,132
27189,27190,1884,29,1913
27190,27191,106,1,107
27191,27192,502,11,513
27192,27193,161,2,163
27193,27194,135,2,137
27194,27195,58,6,64
27195,27196,1586,53,1639
27196,27197,868,6,874
27197,27198,298,18,316
27198,27199,396,11,407
27199,27200,45,0,45
27200,27201,929,15,944
27201,27202,436,7,443
27202,27203,358,4,362
27203,27204,2028,87,2115
27204,27205,105,4,109
27205,27206,269,9,278
27206,27207,620,16,636
27207,27208,1908,30,1938
27208,27209,109,7,116
27209,27210,155,7,162
27210,27211,943,17,960
27211,27212,866,16,882
27212,27213,119,4,123
27213,27214,629,13,642
27214,27215,477,7,484
27215,27216,3029,66,3095
27216,27217,692,4,696
27217,27218,236,6,242
27218,27219,91,1,92
27219,27220,1597,114,1711
27220,27221,594,3,597
27221,27222,111,2,113
27222,27223,2591,53,2644
27223,27224,245,8,253
27224,27225,315,6,321
27225,27226,204,10,214
27226,27227,605,13,618
27227,27228,195,1,196
27228,27229,113,2,115
27229,27230,216,3,219
27230,27231,294,4,298
27231,27232,376,9,385
27232,27233,288,2,290
27233,27234,1281,21,1302
27234,27235,547,11,558
27235,27236,1700,28,1728
27236,27237,73,4,77
27237,27238,332,2,334
27238,27239,270,1,271
27239,27240,2482,59,2541
27240,27241,123,3,126
27241,27242,2439,25,2464
27242,27243,148,2,150
27243,27244,3200,77,3277
27244,27245,29,0,29
27245,27246,1779,92,1871
27246,27247,2378,47,2425
27247,27248,514,15,529
27248,27249,729,24,753
27249,27250,2174,66,2240
27250,27251,140,2,142
27251,27252,240,7,247
27252,27253,2093,46,2139
27253,27254,1286,25,1311
27254,27255,2627,31,2658
27255,27256,131,2,133
27256,27257,22175,392,22567
27257,27258,2007,44,2051
27258,27259,1041,23,1064
27259,27260,400,4,404
27260,27261,387,5,392
27261,27262,1090,21,1111
27262,27263,411,7,418
27263,27264,2058,213,2271
27264,27265,798,25,823
27265,27266,3456,254,3710
27266,27267,3344,44,3388
27267,27268,1065,68,1133
27268,27269,670,15,685
27269,27270,2940,62,3002
27270,27271,133,1,134
27271,27272,1340,22,1362
27272,27273,698,13,711
27273,27274,329,9,338
27274,27275,2838,44,2882
27275,27276,720,9,729
27276,27277,793,20,813
27277,27278,1196,21,1217
27278,27279,316,5,321
27279,27280,2035,33,2068
27280,27281,1082,18,1100
27281,27282,126,3,129
27282,27283,613,8,621
27283,27284,503,11,514
27284,27285,258,13,271
27285,27286,6456,175,6631
27286,27287,1145,24,1169
27287,27288,41,2,43
27288,27289,15319,269,15588
27289,27290,383,7,390
27290,27291,122,1,123
27291,27292,482,8,490
27292,27293,2308,69,2377
27293,27294,113,2,115
27294,27295,779,13,792
27295,27296,216,7,223
27296,27297,2027,33,2060
27297,27298,468,13,481
27298,27299,108,1,109
27299,27300,902,22,924
27300,27301,1649,30,1679
27301,27302,55,1,56
27302,27303,124,2,126
27303,27304,364,11,375
27304,27305,4350,61,4411
27305,27306,5054,127,5181
27306,27307,479,17,496
27307,27308,120,2,122
27308,27309,596,16,612
27309,27310,818,21,839
27310,27311,1200,25,1225
27311,27312,3363,106,3469
27312,27313,280,6,286
27313,27314,204,2,206
27314,27315,1580,13,1593
27315,27316,227,4,231
27316,27317,272,2,274
27317,27318,235,2,237
27318,27319,211,4,215
27319,27320,160,2,162
27320,27321,900,31,931
27321,27322,4821,62,4883
27322,27323,88,1,89
27323,27324,692,11,703
27324,27325,195,8,203
27325,27326,645,5,650
27326,27327,1715,294,2009
27327,27328,312,10,322
27328,27329,4150,52,4202
27329,27330,14448,224,14672
27330,27331,4165,116,4281
27331,27332,921,19,940
27332,27333,258,5,263
27333,27334,172,3,175
27334,27335,209,4,213
27335,27336,3076,51,3127
27336,27337,243,2,245
27337,27338,625,12,637
27338,27339,1327,31,1358
27339,27340,279,2,281
27340,27341,235,2,237
27341,27342,650,15,665
27342,27343,435,11,446
27343,27344,353,6,359
27344,27345,782,12,794
27345,27346,107,2,109
27346,27347,320,6,326
27347,27348,6980,132,7112
27348,27349,278,12,290
27349,27350,80,1,81
27350,27351,186,3,189
27351,27352,147,2,149
27352,27353,172,0,172
27353,27354,934,18,952
27354,27355,116,1,117
27355,27356,172,7,179
27356,27357,2397,34,2431
27357,27358,17985,294,18279
27358,27359,584,31,615
27359,27360,169,16,185
27360,27361,742,19,761
27361,27362,10508,388,10896
27362,27363,598,16,614
27363,27364,52,5,57
27364,27365,5989,101,6090
27365,27366,1126,18,1144
27366,27367,353,7,360
27367,27368,121,3,124
27368,27369,4846,99,4945
27369,27370,239,2,241
27370,27371,1278,31,1309
27371,27372,696,10,706
27372,27373,1044,31,1075
27373,27374,513,11,524
27374,27375,774,14,788
27375,27376,1910,32,1942
27376,27377,478,4,482
27377,27378,178,7,185
27378,27379,110,2,112
27379,27380,185,2,187
27380,27381,3442,78,3520
27381,27382,537,10,547
27382,27383,89,2,91
27383,27384,1377,30,1407
27384,27385,84,0,84
27385,27386,25287,1407,26694
27386,27387,2144,21,2165
27387,27388,973,19,992
27388,27389,1080,17,1097
27389,27390,5797,65,5862
27390,27391,1116,32,1148
27391,27392,548,11,559
27392,27393,1024,13,1037
27393,27394,125,6,131
27394,27395,308,6,314
27395,27396,922,23,945
27396,27397,240,1,241
27397,27398,343,7,350
27398,27399,1391,34,1425
27399,27400,290,5,295
27400,27401,93,2,95
27401,27402,1473,23,1496
27402,27403,187,3,190
27403,27404,122,3,125
27404,27405,729,4,733
27405,27406,1452,38,1490
27406,27407,4488,71,4559
27407,27408,602,12,614
27408,27409,302,6,308
27409,27410,1171,11,1182
27410,27411,704,12,716
27411,27412,271,8,279
27412,27413,189,3,192
27413,27414,7136,73,7209
27414,27415,4953,98,5051
27415,27416,339,8,347
27416,27417,59,2,61
27417,27418,5564,105,5669
27418,27419,897,22,919
27419,27420,59,2,61
27420,27421,3761,77,3838
27421,27422,325,5,330
27422,27423,2060,51,2111
27423,27424,327,3,330
27424,27425,139,2,141
27425,27426,2805,30,2835
27426,27427,89,4,93
27427,27428,45,3,48
27428,27429,4568,129,4697
27429,27430,1763,106,1869
27430,27431,640,21,661
27431,27432,1177,54,1231
27432,27433,165,1,166
27433,27434,605,16,621
27434,27435,194,3,197
27435,27436,675,10,685
27436,27437,671,78,749
27437,27438,102,3,105
27438,27439,3571,39,3610
27439,27440,554,8,562
27440,27441,145,2,147
27441,27442,997,19,1016
27442,27443,2551,149,2700
27443,27444,208,6,214
27444,27445,836,18,854
27445,27446,48,2,50
27446,27447,16831,491,17322
27447,27448,9594,41,9635
27448,27449,2630,40,2670
27449,27450,311,4,315
27450,27451,294,4,298
27451,27452,765,21,786
27452,27453,3171,71,3242
27453,27454,195,2,197
27454,27455,581,24,605
27455,27456,761,27,788
27456,27457,418,9,427
27457,27458,1013,30,1043
27458,27459,326,12,338
27459,27460,297,6,303
27460,27461,1011,27,1038
27461,27462,134,4,138
27462,27463,3254,76,3330
27463,27464,403,85,488
27464,27465,72,2,74
27465,27466,313,6,319
27466,27467,129,2,131
27467,27468,2265,75,2340
27468,27469,195,3,198
27469,27470,588,14,602
27470,27471,2263,62,2325
27471,27472,707,13,720
27472,27473,571,8,579
27473,27474,584,12,596
27474,27475,119,3,122
27475,27476,3024,43,3067
27476,27477,294,8,302
27477,27478,135,2,137
27478,27479,584,11,595
27479,27480,766,28,794
27480,27481,2945,22,2967
27481,27482,280,4,284
27482,27483,45386,584,45970
27483,27484,670,6,676
27484,27485,178,2,180
27485,27486,874,12,886
27486,27487,3918,54,3972
27487,27488,479,25,504
27488,27489,47,2,49
27489,27490,3514,12,3526
27490,27491,379,5,384
27491,27492,547,16,563
27492,27493,1223,19,1242
27493,27494,371,10,381
27494,27495,72,1,73
27495,27496,1207,25,1232
27496,27497,595,30,625
27497,27498,16,0,16
27498,27499,361,5,366
27499,27500,254,2,256
27500,27501,87,3,90
27501,27502,85,0,85
27502,27503,1132,22,1154
27503,27504,123,4,127
27504,27505,91,0,91
27505,27506,2328,102,2430
27506,27507,895,17,912
27507,27508,900,15,915
27508,27509,73,3,76
27509,27510,4666,147,4813
27510,27511,145,2,147
27511,27512,709,6,715
27512,27513,651,14,665
27513,27514,1132,13,1145
27514,27515,656,27,683
27515,27516,98,0,98
27516,27517,2040,47,2087
27517,27518,429,9,438
27518,27519,2396,60,2456
27519,27520,112,2,114
27520,27521,384,5,389
27521,27522,2473,63,2536
27522,27523,1200,12,1212
27523,27524,689,14,703
27524,27525,143,10,153
27525,27526,80,0,80
27526,27527,232,7,239
27527,27528,74,0,74
27528,27529,90,1,91
27529,27530,25,0,25
27530,27531,1707,24,1731
27531,27532,57,0,57
27532,27533,105,1,106
27533,27534,1088,21,1109
27534,27535,104,2,106
27535,27536,57,1,58
27536,27537,91,2,93
27537,27538,755,6,761
27538,27539,143,0,143
27539,27540,2913,42,2955
27540,27541,2027,22,2049
27541,27542,249,5,254
27542,27543,16889,271,17160
27543,27544,644,7,651
27544,27545,1349,30,1379
27545,27546,1308,27,1335
27546,27547,766,13,779
27547,27548,943,36,979
27548,27549,2984,33,3017
27549,27550,265,6,271
27550,27551,315,7,322
27551,27552,101,2,103
27552,27553,318,2,320
27553,27554,2150,54,2204
27554,27555,1376,10,1386
27555,27556,409,9,418
27556,27557,168,4,172
27557,27558,4114,100,4214
27558,27559,797,11,808
27559,27560,544,5,549
27560,27561,4845,128,4973
27561,27562,349,2,351
27562,27563,4431,66,4497
27563,27564,4604,101,4705
27564,27565,774,51,825
27565,27566,334,8,342
27566,27567,1906,27,1933
27567,27568,265,0,265
27568,27569,26565,336,26901
27569,27570,100,2,102
27570,27571,531,8,539
27571,27572,324,4,328
27572,27573,128,2,130
27573,27574,19,0,19
27574,27575,217,10,227
27575,27576,1368,34,1402
27576,27577,760,51,811
27577,27578,100,3,103
27578,27579,1088,41,1129
27579,27580,272,8,280
27580,27581,116,0,116
27581,27582,71,2,73
27582,27583,210,2,212
27583,27584,134,5,139
27584,27585,119,0,119
27585,27586,1490,29,1519
27586,27587,102,0,102
27587,27588,781,11,792
27588,27589,404,9,413
27589,27590,1888,86,1974
27590,27591,990,15,1005
27591,27592,60,0,60
27592,27593,281,7,288
27593,27594,405,3,408
27594,27595,2393,77,2470
27595,27596,908,12,920
27596,27597,4014,61,4075
27597,27598,5608,50,5658
27598,27599,320,3,323
27599,27600,84,3,87
27600,27601,132,6,138
27601,27602,346,1,347
27602,27603,281,5,286
27603,27604,55,2,57
27604,27605,400,8,408
27605,27606,648,17,665
27606,27607,4316,81,4397
27607,27608,550,11,561
27608,27609,152,2,154
27609,27610,222,4,226
27610,27611,318,3,321
27611,27612,458,10,468
27612,27613,208,5,213
27613,27614,567,23,590
27614,27615,960,10,970
27615,27616,419,4,423
27616,27617,195,4,199
27617,27618,515,10,525
27618,27619,139,3,142
27619,27620,385,15,400
27620,27621,280,3,283
27621,27622,65,1,66
27622,27623,842,14,856
27623,27624,16357,206,16563
27624,27625,15,0,15
27625,27626,1158,22,1180
27626,27627,1039,34,1073
27627,27628,59196,252,59448
27628,27629,214,4,218
27629,27630,1016,25,1041
27630,27631,82,2,84
27631,27632,267,2,269
27632,27633,269,4,273
27633,27634,300,4,304
27634,27635,337,1,338
27635,27636,769,18,787
27636,27637,1158,22,1180
27637,27638,303,6,309
27638,27639,108,4,112
27639,27640,2688,37,2725
27640,27641,3709,140,3849
27641,27642,1026,22,1048
27642,27643,1392,32,1424
27643,27644,344,3,347
27644,27645,154,3,157
27645,27646,75,3,78
27646,27647,435,0,435
27647,27648,8816,409,9225
27648,27649,1027,19,1046
27649,27650,257,5,262
27650,27651,349,6,355
27651,27652,304,6,310
27652,27653,107,2,109
27653,27654,310,14,324
27654,27655,231,6,237
27655,27656,193,4,197
27656,27657,90,1,91
27657,27658,4485,94,4579
27658,27659,777,6,783
27659,27660,275,7,282
27660,27661,161,3,164
27661,27662,563,20,583
27662,27663,361,15,376
27663,27664,2228,35,2263
27664,27665,368,11,379
27665,27666,248,1,249
27666,27667,2796,43,2839
27667,27668,12449,312,12761
27668,27669,78,0,78
27669,27670,20635,470,21105
27670,27671,1262,31,1293
27671,27672,93,0,93
27672,27673,837,21,858
27673,27674,380,10,390
27674,27675,301,5,306
27675,27676,6128,78,6206
27676,27677,812,19,831
27677,27678,224,9,233
27678,27679,3289,52,3341
27679,27680,108,3,111
27680,27681,518,17,535
27681,27682,845,16,861
27682,27683,93,3,96
27683,27684,1437,18,1455
27684,27685,608,15,623
27685,27686,78,1,79
27686,27687,95,2,97
27687,27688,2815,58,2873
27688,27689,187,1,188
27689,27690,52774,449,53223
27690,27691,3248,124,3372
27691,27692,300,11,311
27692,27693,8791,177,8968
27693,27694,97,3,100
27694,27695,142,3,145
27695,27696,1040,19,1059
27696,27697,259,3,262
27697,27698,11062,197,11259
27698,27699,1577,45,1622
27699,27700,111,1,112
27700,27701,1035,18,1053
27701,27702,281,5,286
27702,27703,192,3,195
27703,27704,90,0,90
27704,27705,457,8,465
27705,27706,77,6,83
27706,27707,207,2,209
27707,27708,6497,63,6560
27708,27709,2369,48,2417
27709,27710,1503,30,1533
27710,27711,2487,28,2515
27711,27712,1011,19,1030
27712,27713,2297,51,2348
27713,27714,1734,32,1766
27714,27715,139,3,142
27715,27716,1495,72,1567
27716,27717,1107,23,1130
27717,27718,3255,57,3312
27718,27719,431,5,436
27719,27720,364,3,367
27720,27721,461,3,464
27721,27722,171,2,173
27722,27723,132,2,134
27723,27724,435,8,443
27724,27725,386,10,396
27725,27726,45,2,47
27726,27727,193,2,195
27727,27728,61,3,64
27728,27729,1560,32,1592
27729,27730,1081,18,1099
27730,27731,485,5,490
27731,27732,1697,124,1821
27732,27733,175,4,179
27733,27734,79,0,79
27734,27735,122,4,126
27735,27736,7180,117,7297
27736,27737,1844,30,1874
27737,27738,231,3,234
27738,27739,831,9,840
27739,27740,664,24,688
27740,27741,708,8,716
27741,27742,317,5,322
27742,27743,75,0,75
27743,27744,65,2,67
27744,27745,2328,56,2384
27745,27746,128,3,131
27746,27747,318,8,326
27747,27748,524,10,534
27748,27749,1005,11,1016
27749,27750,120,4,124
27750,27751,2372,109,2481
27751,27752,48,2,50
27752,27753,83,1,84
27753,27754,155,2,157
27754,27755,2415,39,2454
27755,27756,794,10,804
27756,27757,773,13,786
27757,27758,1507,39,1546
27758,27759,969,14,983
27759,27760,718,10,728
27760,27761,1361,23,1384
27761,27762,977,13,990
27762,27763,218,3,221
27763,27764,941,19,960
27764,27765,1916,16,1932
27765,27766,2492,16,2508
27766,27767,775,12,787
27767,27768,116,6,122
27768,27769,888,15,903
27769,27770,957,27,984
27770,27771,246,4,250
27771,27772,6416,56,6472
27772,27773,113,12,125
27773,27774,101,0,101
27774,27775,501,12,513
27775,27776,250,2,252
27776,27777,4221,59,4280
27777,27778,368,4,372
27778,27779,2517,80,2597
27779,27780,487,9,496
27780,27781,386,3,389
27781,27782,280,7,287
27782,27783,1688,19,1707
27783,27784,122,3,125
27784,27785,946,16,962
27785,27786,505,11,516
27786,27787,266,3,269
27787,27788,411,16,427
27788,27789,532,9,541
27789,27790,26467,982,27449
27790,27791,106,0,106
27791,27792,709,15,724
27792,27793,80,2,82
27793,27794,349,6,355
27794,27795,188,2,190
27795,27796,641,9,650
27796,27797,166,5,171
27797,27798,279,2,281
27798,27799,5479,125,5604
27799,27800,1616,33,1649
27800,27801,365,7,372
27801,27802,530,9,539
27802,27803,880,22,902
27803,27804,596,9,605
27804,27805,208,0,208
27805,27806,132,2,134
27806,27807,7581,144,7725
27807,27808,430,7,437
27808,27809,68,1,69
27809,27810,426,13,439
27810,27811,1004,21,1025
27811,27812,102,1,103
27812,27813,121,2,123
27813,27814,814,9,823
27814,27815,426,8,434
27815,27816,90,1,91
27816,27817,8478,166,8644
27817,27818,64,2,66
27818,27819,524,14,538
27819,27820,138,3,141
27820,27821,475,9,484
27821,27822,187,2,189
27822,27823,3411,86,3497
27823,27824,85,2,87
27824,27825,377,5,382
27825,27826,214,6,220
27826,27827,1903,22,1925
27827,27828,265,4,269
27828,27829,978,19,997
27829,27830,529,7,536
27830,27831,279,64,343
27831,27832,387,18,405
27832,27833,1370,96,1466
27833,27834,682,17,699
27834,27835,1853,22,1875
27835,27836,711,14,725
27836,27837,576,6,582
27837,27838,324,11,335
27838,27839,5485,97,5582
27839,27840,551,12,563
27840,27841,870,7,877
27841,27842,106,0,106
27842,27843,98,4,102
27843,27844,134,6,140
27844,27845,230,7,237
27845,27846,70,0,70
27846,27847,722,15,737
27847,27848,1434,40,1474
27848,27849,235,8,243
27849,27850,177,0,177
27850,27851,66,2,68
27851,27852,60,1,61
27852,27853,252,8,260
27853,27854,1296,13,1309
27854,27855,71,1,72
27855,27856,256,4,260
27856,27857,520,5,525
27857,27858,996,24,1020
27858,27859,1514,28,1542
27859,27860,180,5,185
27860,27861,903,24,927
27861,27862,898,10,908
27862,27863,1487,42,1529
27863,27864,9064,186,9250
27864,27865,93,3,96
27865,27866,1336,50,1386
27866,27867,811,17,828
27867,27868,4828,158,4986
27868,27869,11378,306,11684
27869,27870,952,8,960
27870,27871,76,1,77
27871,27872,626,13,639
27872,27873,713,9,722
27873,27874,139,1,140
27874,27875,219,1,220
27875,27876,179,5,184
27876,27877,194,2,196
27877,27878,501,9,510
27878,27879,389,15,404
27879,27880,934,16,950
27880,27881,304,6,310
27881,27882,235,4,239
27882,27883,3430,74,3504
27883,27884,887,23,910
27884,27885,450,8,458
27885,27886,1187,25,1212
27886,27887,115,3,118
27887,27888,1137,17,1154
27888,27889,1107,22,1129
27889,27890,725,15,740
27890,27891,151,3,154
27891,27892,1563,32,1595
27892,27893,861,14,875
27893,27894,29987,225,30212
27894,27895,426,7,433
27895,27896,1288,41,1329
27896,27897,373,5,378
27897,27898,228,11,239
27898,27899,373,12,385
27899,27900,272,4,276
27900,27901,1976,28,2004
27901,27902,454,7,461
27902,27903,169,1,170
27903,27904,36577,246,36823
27904,27905,406,9,415
27905,27906,1337,27,1364
27906,27907,4064,83,4147
27907,27908,432,13,445
27908,27909,1342,22,1364
27909,27910,79,1,80
27910,27911,1076,42,1118
27911,27912,603,9,612
27912,27913,999,11,1010
27913,27914,61,0,61
27914,27915,193,3,196
27915,27916,163,4,167
27916,27917,3234,76,3310
27917,27918,471,13,484
27918,27919,405,15,420
27919,27920,385,6,391
27920,27921,252,7,259
27921,27922,205,4,209
27922,27923,602,22,624
27923,27924,895,185,1080
27924,27925,220,4,224
27925,27926,484,8,492
27926,27927,297,4,301
27927,27928,106,3,109
27928,27929,2429,46,2475
27929,27930,2119,39,2158
27930,27931,300,10,310
27931,27932,143,5,148
27932,27933,250,4,254
27933,27934,139,4,143
27934,27935,1844,25,1869
27935,27936,146,6,152
27936,27937,3602,72,3674
27937,27938,3231,69,3300
27938,27939,152,7,159
27939,27940,44,5,49
27940,27941,5295,111,5406
27941,27942,127,2,129
27942,27943,146,7,153
27943,27944,20004,370,20374
27944,27945,1180,18,1198
27945,27946,632,13,645
27946,27947,579,11,590
27947,27948,284,9,293
27948,27949,1543,25,1568
27949,27950,821,13,834
27950,27951,553,12,565
27951,27952,364,7,371
27952,27953,330,5,335
27953,27954,1242,61,1303
27954,27955,842,20,862
27955,27956,121,3,124
27956,27957,3217,53,3270
27957,27958,430,11,441
27958,27959,33780,198,33978
27959,27960,2149,49,2198
27960,27961,2258,21,2279
27961,27962,695,16,711
27962,27963,1394,32,1426
27963,27964,1269,25,1294
27964,27965,316,12,328
27965,27966,304,9,313
27966,27967,1713,32,1745
27967,27968,450,10,460
27968,27969,540,9,549
27969,27970,752,30,782
27970,27971,4942,61,5003
27971,27972,746,17,763
27972,27973,479,14,493
27973,27974,303,4,307
27974,27975,1715,22,1737
27975,27976,229,7,236
27976,27977,327,14,341
27977,27978,19612,218,19830
27978,27979,613,8,621
27979,27980,400,8,408
27980,27981,2491,40,2531
27981,27982,696,11,707
27982,27983,637,10,647
27983,27984,1148,21,1169
27984,27985,43,1,44
27985,27986,6348,144,6492
27986,27987,350,7,357
27987,27988,8932,138,9070
27988,27989,93,1,94
27989,27990,2242,31,2273
27990,27991,736,20,756
27991,27992,130,0,130
27992,27993,2675,53,2728
27993,27994,137,5,142
27994,27995,1083,13,1096
27995,27996,1974,32,2006
27996,27997,178,3,181
27997,27998,12463,94,12557
27998,27999,1802,85,1887
27999,28000,501,15,516
28000,28001,199,6,205
28001,28002,16092,337,16429
28002,28003,252,4,256
28003,28004,384,3,387
28004,28005,1699,38,1737
28005,28006,223,2,225
28006,28007,53,1,54
28007,28008,17462,833,18295
28008,28009,86,3,89
28009,28010,5069,66,5135
28010,28011,212,1,213
28011,28012,112,4,116
28012,28013,2912,60,2972
28013,28014,30,1,31
28014,28015,1476,37,1513
28015,28016,163,3,166
28016,28017,3876,95,3971
28017,28018,174,2,176
28018,28019,72,0,72
28019,28020,1017,23,1040
28020,28021,3284,73,3357
28021,28022,1778,37,1815
28022,28023,210,3,213
28023,28024,2669,33,2702
28024,28025,139,3,142
28025,28026,2492,38,2530
28026,28027,1853,48,1901
28027,28028,1753,42,1795
28028,28029,1096,10,1106
28029,28030,708,14,722
28030,28031,183,3,186
28031,28032,247,4,251
28032,28033,329,3,332
28033,28034,1342,29,1371
28034,28035,4573,65,4638
28035,28036,65,1,66
28036,28037,719,10,729
28037,28038,814,13,827
28038,28039,5726,143,5869
28039,28040,2407,34,2441
28040,28041,475,9,484
28041,28042,3162,34,3196
28042,28043,338,11,349
28043,28044,124,4,128
28044,28045,227,6,233
28045,28046,141,3,144
28046,28047,2173,45,2218
28047,28048,98,3,101
28048,28049,60,1,61
28049,28050,218,1,219
28050,28051,104,2,106
28051,28052,96,4,100
28052,28053,178,15,193
28053,28054,74,1,75
28054,28055,110,4,114
28055,28056,111,3,114
28056,28057,193,6,199
28057,28058,26,0,26
28058,28059,307,6,313
28059,28060,237,3,240
28060,28061,382,3,385
28061,28062,741,16,757
28062,28063,3224,77,3301
28063,28064,296,5,301
28064,28065,768,13,781
28065,28066,317,3,320
28066,28067,4120,353,4473
28067,28068,610,19,629
28068,28069,441,11,452
28069,28070,2405,45,2450
28070,28071,89,0,89
28071,28072,1021,9,1030
28072,28073,183,1,184
28073,28074,140,4,144
28074,28075,683,24,707
28075,28076,568,12,580
28076,28077,291,3,294
28077,28078,628,14,642
28078,28079,34,0,34
28079,28080,13,0,13
28080,28081,339,4,343
28081,28082,163,4,167
28082,28083,215,2,217
28083,28084,1795,43,1838
28084,28085,693,16,709
28085,28086,281,1,282
28086,28087,14760,626,15386
28087,28088,307,3,310
28088,28089,499,11,510
28089,28090,3012,68,3080
28090,28091,1966,52,2018
28091,28092,713,6,719
28092,28093,884,11,895
28093,28094,207,4,211
28094,28095,77,3,80
28095,28096,115,1,116
28096,28097,468,6,474
28097,28098,336,2,338
28098,28099,3032,47,3079
28099,28100,194,1,195
28100,28101,101,2,103
28101,28102,2423,35,2458
28102,28103,132,0,132
28103,28104,347,8,355
28104,28105,344,7,351
28105,28106,1115,33,1148
28106,28107,1127,36,1163
28107,28108,26688,515,27203
28108,28109,402,14,416
28109,28110,2566,41,2607
28110,28111,419,5,424
28111,28112,155,3,158
28112,28113,212,3,215
28113,28114,105,3,108
28114,28115,56,0,56
28115,28116,1561,39,1600
28116,28117,68,0,68
28117,28118,159,4,163
28118,28119,236,0,236
28119,28120,651,11,662
28120,28121,617,10,627
28121,28122,1390,28,1418
28122,28123,507,8,515
28123,28124,178,1,179
28124,28125,671,12,683
28125,28126,522,7,529
28126,28127,2349,24,2373
28127,28128,2238,50,2288
28128,28129,371,8,379
28129,28130,800,24,824
28130,28131,566,11,577
28131,28132,47,1,48
28132,28133,181,0,181
28133,28134,2071,41,2112
28134,28135,11196,95,11291
28135,28136,72,3,75
28136,28137,625,15,640
28137,28138,210,4,214
28138,28139,4775,37,4812
28139,28140,215,8,223
28140,28141,407,8,415
28141,28142,1290,14,1304
28142,28143,205,6,211
28143,28144,101,0,101
28144,28145,742,18,760
28145,28146,34,0,34
28146,28147,538,3,541
28147,28148,805,32,837
28148,28149,663,10,673
28149,28150,293,7,300
28150,28151,476,8,484
28151,28152,100,3,103
28152,28153,231,10,241
28153,28154,232,5,237
28154,28155,170,5,175
28155,28156,212,3,215
28156,28157,63,3,66
28157,28158,49,1,50
28158,28159,1269,26,1295
28159,28160,142,3,145
28160,28161,270,4,274
28161,28162,607,7,614
28162,28163,191,7,198
28163,28164,1610,38,1648
28164,28165,1684,25,1709
28165,28166,269,4,273
28166,28167,1789,32,1821
28167,28168,916,20,936
28168,28169,236,1,237
28169,28170,71,2,73
28170,28171,575,9,584
28171,28172,949,13,962
28172,28173,232,3,235
28173,28174,568,14,582
28174,28175,248,3,251
28175,28176,358,2,360
28176,28177,1482,68,1550
28177,28178,652,20,672
28178,28179,116,1,117
28179,28180,1659,50,1709
28180,28181,1765,16,1781
28181,28182,84,3,87
28182,28183,2116,27,2143
28183,28184,1151,32,1183
28184,28185,369,13,382
28185,28186,1852,55,1907
28186,28187,489,12,501
28187,28188,337,3,340
28188,28189,83,3,86
28189,28190,219,2,221
28190,28191,702,72,774
28191,28192,308,41,349
28192,28193,189,11,200
28193,28194,1764,30,1794
28194,28195,76,0,76
28195,28196,4348,126,4474
28196,28197,397,14,411
28197,28198,829,33,862
28198,28199,571,17,588
28199,28200,248,3,251
28200,28201,680,10,690
28201,28202,192,11,203
28202,28203,122,0,122
28203,28204,110,2,112
28204,28205,189,4,193
28205,28206,9494,90,9584
28206,28207,1137,17,1154
28207,28208,1295,41,1336
28208,28209,1168,21,1189
28209,28210,135,2,137
28210,28211,668,16,684
28211,28212,68,2,70
28212,28213,888,21,909
28213,28214,290,5,295
28214,28215,45,3,48
28215,28216,788,6,794
28216,28217,80,4,84
28217,28218,549,12,561
28218,28219,1280,29,1309
28219,28220,1132,16,1148
28220,28221,244,5,249
28221,28222,726,12,738
28222,28223,5233,92,5325
28223,28224,618,23,641
28224,28225,174,1,175
28225,28226,123,1,124
28226,28227,493,5,498
28227,28228,475,4,479
28228,28229,369,6,375
28229,28230,282,7,289
28230,28231,208,9,217
28231,28232,1120,19,1139
28232,28233,608,10,618
28233,28234,612,20,632
28234,28235,203,6,209
28235,28236,3288,52,3340
28236,28237,106,0,106
28237,28238,3804,88,3892
28238,28239,1057,35,1092
28239,28240,338,12,350
28240,28241,207,4,211
28241,28242,98,6,104
28242,28243,4163,57,4220
28243,28244,2324,33,2357
28244,28245,595,11,606
28245,28246,1025,14,1039
28246,28247,170,6,176
28247,28248,513,6,519
28248,28249,492,15,507
28249,28250,375,21,396
28250,28251,1321,24,1345
28251,28252,482,18,500
28252,28253,2310,22,2332
28253,28254,167,2,169
28254,28255,97,2,99
28255,28256,643,13,656
28256,28257,702,24,726
28257,28258,480,14,494
28258,28259,267,6,273
28259,28260,51734,173,51907
28260,28261,1290,25,1315
28261,28262,4139,182,4321
28262,28263,498,10,508
28263,28264,234,4,238
28264,28265,714,8,722
28265,28266,141,0,141
28266,28267,799,9,808
28267,28268,1062,11,1073
28268,28269,1379,27,1406
28269,28270,159,2,161
28270,28271,130,2,132
28271,28272,964,34,998
28272,28273,1002,18,1020
28273,28274,9481,124,9605
28274,28275,242,2,244
28275,28276,11891,142,12033
28276,28277,7827,108,7935
28277,28278,2049,52,2101
28278,28279,519,13,532
28279,28280,447,7,454
28280,28281,800,15,815
28281,28282,1196,29,1225
28282,28283,112,2,114
28283,28284,583,16,599
28284,28285,180,6,186
28285,28286,325,12,337
28286,28287,769,13,782
28287,28288,295,5,300
28288,28289,216,5,221
28289,28290,509,9,518
28290,28291,1776,13,1789
28291,28292,3842,76,3918
28292,28293,648,6,654
28293,28294,1094,11,1105
28294,28295,139,2,141
28295,28296,264,2,266
28296,28297,103,1,104
28297,28298,383,7,390
28298,28299,197,2,199
28299,28300,362,8,370
28300,28301,5533,96,5629
28301,28302,665,17,682
28302,28303,51,0,51
28303,28304,2927,44,2971
28304,28305,94,0,94
28305,28306,582,6,588
28306,28307,1354,28,1382
28307,28308,1194,22,1216
28308,28309,90,1,91
28309,28310,982,20,1002
28310,28311,425,8,433
28311,28312,87,2,89
28312,28313,1202,240,1442
28313,28314,912,16,928
28314,28315,103,4,107
28315,28316,95,0,95
28316,28317,65,0,65
28317,28318,496,11,507
28318,28319,106,2,108
28319,28320,463,14,477
28320,28321,380,12,392
28321,28322,1946,47,1993
28322,28323,745,55,800
28323,28324,593,15,608
28324,28325,122,2,124
28325,28326,552,6,558
28326,28327,1796,39,1835
28327,28328,144,2,146
28328,28329,60,1,61
28329,28330,5365,130,5495
28330,28331,450,9,459
28331,28332,33,2,35
28332,28333,121,3,124
28333,28334,1166,26,1192
28334,28335,693,11,704
28335,28336,2231,86,2317
28336,28337,1075,15,1090
28337,28338,150,5,155
28338,28339,623,16,639
28339,28340,114,0,114
28340,28341,36,0,36
28341,28342,417,2,419
28342,28343,1737,19,1756
28343,28344,661,12,673
28344,28345,1810,9,1819
28345,28346,1188,12,1200
28346,28347,557,12,569
28347,28348,254,3,257
28348,28349,5808,122,5930
28349,28350,602,16,618
28350,28351,711,17,728
28351,28352,415,1,416
28352,28353,15428,109,15537
28353,28354,703,21,724
28354,28355,2028,41,2069
28355,28356,98,4,102
28356,28357,160,5,165
28357,28358,297,5,302
28358,28359,135,4,139
28359,28360,2875,44,2919
28360,28361,132,6,138
28361,28362,97,3,100
28362,28363,1630,34,1664
28363,28364,217,7,224
28364,28365,144,1,145
28365,28366,103,2,105
28366,28367,249,4,253
28367,28368,1059,11,1070
28368,28369,952,31,983
28369,28370,167,9,176
28370,28371,272,3,275
28371,28372,283,5,288
28372,28373,462,10,472
28373,28374,63,1,64
28374,28375,1160,41,1201
28375,28376,517,20,537
28376,28377,773,15,788
28377,28378,1157,9,1166
28378,28379,2034,74,2108
28379,28380,476,2,478
28380,28381,207,4,211
28381,28382,7595,239,7834
28382,28383,46,1,47
28383,28384,173,7,180
28384,28385,245,4,249
28385,28386,179,4,183
28386,28387,1155,14,1169
28387,28388,274,7,281
28388,28389,332,11,343
28389,28390,34592,562,35154
28390,28391,759,18,777
28391,28392,2135,43,2178
28392,28393,2289,78,2367
28393,28394,133,2,135
28394,28395,2892,44,2936
28395,28396,383,8,391
28396,28397,148,4,152
28397,28398,3829,41,3870
28398,28399,277,3,280
28399,28400,923,35,958
28400,28401,19,0,19
28401,28402,376,6,382
28402,28403,111,0,111
28403,28404,71,0,71
28404,28405,128,3,131
28405,28406,2009,32,2041
28406,28407,685,8,693
28407,28408,579,10,589
28408,28409,1620,22,1642
28409,28410,497,7,504
28410,28411,28712,651,29363
28411,28412,362,7,369
28412,28413,814,19,833
28413,28414,18033,161,18194
28414,28415,7213,138,7351
28415,28416,1282,22,1304
28416,28417,98,1,99
28417,28418,190,0,190
28418,28419,2986,33,3019
28419,28420,722,13,735
28420,28421,428,8,436
28421,28422,99,1,100
28422,28423,89,4,93
28423,28424,139,7,146
28424,28425,142,1,143
28425,28426,1179,22,1201
28426,28427,4290,108,4398
28427,28428,797,21,818
28428,28429,689,8,697
28429,28430,328,2,330
28430,28431,1119,57,1176
28431,28432,2036,25,2061
28432,28433,1583,24,1607
28433,28434,263,7,270
28434,28435,1272,32,1304
28435,28436,510,9,519
28436,28437,668,15,683
28437,28438,246,6,252
28438,28439,374,5,379
28439,28440,11762,184,11946
28440,28441,5753,108,5861
28441,28442,2526,46,2572
28442,28443,576,11,587
28443,28444,482,6,488
28444,28445,1780,21,1801
28445,28446,139,3,142
28446,28447,475,8,483
28447,28448,361,7,368
28448,28449,318,7,325
28449,28450,11934,77,12011
28450,28451,632,7,639
28451,28452,915,13,928
28452,28453,239,7,246
28453,28454,206,8,214
28454,28455,883,16,899
28455,28456,403,4,407
28456,28457,60,6,66
28457,28458,210,4,214
28458,28459,123,2,125
28459,28460,71,7,78
28460,28461,506,147,653
28461,28462,140,2,142
28462,28463,363,262,625
28463,28464,121,3,124
28464,28465,364,5,369
28465,28466,989,13,1002
28466,28467,190,5,195
28467,28468,61,1,62
28468,28469,428,21,449
28469,28470,639,19,658
28470,28471,43,1,44
28471,28472,1530,28,1558
28472,28473,482,5,487
28473,28474,139,6,145
28474,28475,993,23,1016
28475,28476,994,4,998
28476,28477,828,13,841
28477,28478,81,3,84
28478,28479,111,1,112
28479,28480,502,16,518
28480,28481,181,3,184
28481,28482,308,5,313
28482,28483,664,18,682
28483,28484,5050,63,5113
28484,28485,753,17,770
28485,28486,270,11,281
28486,28487,199,6,205
28487,28488,98,0,98
28488,28489,86,3,89
28489,28490,1600,62,1662
28490,28491,43,1,44
28491,28492,362,8,370
28492,28493,598,12,610
28493,28494,318,6,324
28494,28495,982,80,1062
28495,28496,70,1,71
28496,28497,265,4,269
28497,28498,493,10,503
28498,28499,130,3,133
28499,28500,1239,25,1264
28500,28501,2002,46,2048
28501,28502,221,3,224
28502,28503,300,7,307
28503,28504,1399,20,1419
28504,28505,3480,86,3566
28505,28506,775,11,786
28506,28507,28,0,28
28507,28508,462,8,470
28508,28509,264,4,268
28509,28510,227,6,233
28510,28511,252,1,253
28511,28512,318,6,324
28512,28513,35,1,36
28513,28514,873,8,881
28514,28515,76,0,76
28515,28516,205,1,206
28516,28517,38,1,39
28517,28518,146,2,148
28518,28519,1066,30,1096
28519,28520,623,13,636
28520,28521,1153,23,1176
28521,28522,161,1,162
28522,28523,1761,44,1805
28523,28524,208,5,213
28524,28525,80,2,82
28525,28526,1590,28,1618
28526,28527,18893,234,19127
28527,28528,2752,76,2828
28528,28529,142,0,142
28529,28530,360,4,364
28530,28531,536,14,550
28531,28532,746,15,761
28532,28533,347,6,353
28533,28534,312,6,318
28534,28535,185,4,189
28535,28536,882,27,909
28536,28537,906,27,933
28537,28538,79,1,80
28538,28539,311,8,319
28539,28540,3343,50,3393
28540,28541,2903,64,2967
28541,28542,43,1,44
28542,28543,651,7,658
28543,28544,3805,85,3890
28544,28545,428,7,435
28545,28546,95,4,99
28546,28547,1401,24,1425
28547,28548,1421,29,1450
28548,28549,465,9,474
28549,28550,29068,445,29513
28550,28551,758,4,762
28551,28552,397,10,407
28552,28553,640,6,646
28553,28554,19,0,19
28554,28555,240,5,245
28555,28556,2622,41,2663
28556,28557,524,11,535
28557,28558,37,0,37
28558,28559,377,3,380
28559,28560,3047,30,3077
28560,28561,180,5,185
28561,28562,401,7,408
28562,28563,139,3,142
28563,28564,920,12,932
28564,28565,2594,49,2643
28565,28566,1053,20,1073
28566,28567,177,6,183
28567,28568,4590,84,4674
28568,28569,102,1,103
28569,28570,273,6,279
28570,28571,1592,45,1637
28571,28572,167,3,170
28572,28573,155,16,171
28573,28574,2003,56,2059
28574,28575,88,0,88
28575,28576,294,11,305
28576,28577,267,6,273
28577,28578,292,5,297
28578,28579,166,0,166
28579,28580,523,15,538
28580,28581,426,7,433
28581,28582,165,2,167
28582,28583,126,3,129
28583,28584,1047,14,1061
28584,28585,7994,62,8056
28585,28586,4827,55,4882
28586,28587,127,2,129
28587,28588,122,7,129
28588,28589,814,13,827
28589,28590,598,16,614
28590,28591,316,5,321
28591,28592,480,7,487
28592,28593,865,20,885
28593,28594,547,11,558
28594,28595,87,1,88
28595,28596,362,58,420
28596,28597,324,10,334
28597,28598,3201,318,3519
28598,28599,465,5,470
28599,28600,743,10,753
28600,28601,174,7,181
28601,28602,2825,25,2850
28602,28603,81,2,83
28603,28604,291,8,299
28604,28605,417,6,423
28605,28606,1428,28,1456
28606,28607,1492,39,1531
28607,28608,467,10,477
28608,28609,376,2,378
28609,28610,466,9,475
28610,28611,476,13,489
28611,28612,254,6,260
28612,28613,126,0,126
28613,28614,97,2,99
28614,28615,80,3,83
28615,28616,131,1,132
28616,28617,8950,157,9107
28617,28618,1109,34,1143
28618,28619,422,8,430
28619,28620,708,6,714
28620,28621,379,20,399
28621,28622,672,10,682
28622,28623,1239,23,1262
28623,28624,624,12,636
28624,28625,141,3,144
28625,28626,4259,95,4354
28626,28627,274,4,278
28627,28628,126,2,128
28628,28629,655,13,668
28629,28630,7048,134,7182
28630,28631,961,18,979
28631,28632,3190,35,3225
28632,28633,730,21,751
28633,28634,1106,19,1125
28634,28635,2392,52,2444
28635,28636,343,7,350
28636,28637,221,4,225
28637,28638,584,7,591
28638,28639,226,9,235
28639,28640,174,2,176
28640,28641,562,8,570
28641,28642,1583,20,1603
28642,28643,365,6,371
28643,28644,236,7,243
28644,28645,267,6,273
28645,28646,5383,102,5485
28646,28647,1125,19,1144
28647,28648,117,2,119
28648,28649,1497,29,1526
28649,28650,63,4,67
28650,28651,2064,46,2110
28651,28652,3156,64,3220
28652,28653,344,2,346
28653,28654,1504,393,1897
28654,28655,498,5,503
28655,28656,197,9,206
28656,28657,178,3,181
28657,28658,1998,171,2169
28658,28659,506,4,510
28659,28660,1107,14,1121
28660,28661,114,1,115
28661,28662,1331,20,1351
28662,28663,213,7,220
28663,28664,103,2,105
28664,28665,199,5,204
28665,28666,1655,17,1672
28666,28667,157,8,165
28667,28668,122,2,124
28668,28669,8235,199,8434
28669,28670,143,0,143
28670,28671,276,6,282
28671,28672,478,5,483
28672,28673,877,15,892
28673,28674,1747,49,1796
28674,28675,393,6,399
28675,28676,535,8,543
28676,28677,873,28,901
28677,28678,165,7,172
28678,28679,626,11,637
28679,28680,305,7,312
28680,28681,748,23,771
28681,28682,825,20,845
28682,28683,441,9,450
28683,28684,117,0,117
28684,28685,392,7,399
28685,28686,9761,312,10073
28686,28687,399,9,408
28687,28688,602,16,618
28688,28689,68,1,69
28689,28690,2284,49,2333
28690,28691,190,4,194
28691,28692,230,3,233
28692,28693,2881,48,2929
28693,28694,1369,47,1416
28694,28695,285,4,289
28695,28696,3232,56,3288
28696,28697,832,12,844
28697,28698,112,4,116
28698,28699,161,1,162
28699,28700,1806,27,1833
28700,28701,1161,24,1185
28701,28702,1758,43,1801
28702,28703,760,26,786
28703,28704,4046,62,4108
28704,28705,38285,76,38361
28705,28706,385,10,395
28706,28707,649,5,654
28707,28708,740,6,746
28708,28709,34,1,35
28709,28710,1673,30,1703
28710,28711,1371,25,1396
28711,28712,4429,85,4514
28712,28713,3672,54,3726
28713,28714,607,18,625
28714,28715,1349,29,1378
28715,28716,1940,28,1968
28716,28717,809,24,833
28717,28718,611,17,628
28718,28719,597,22,619
28719,28720,764,9,773
28720,28721,2507,129,2636
28721,28722,153,5,158
28722,28723,350,7,357
28723,28724,88,8,96
28724,28725,1811,26,1837
28725,28726,11178,126,11304
28726,28727,39,2,41
28727,28728,201,1,202
28728,28729,1349,34,1383
28729,28730,1089,14,1103
28730,28731,287228,2878,290106
28731,28732,948,23,971
28732,28733,273,2,275
28733,28734,338,8,346
28734,28735,233,4,237
28735,28736,1308,34,1342
28736,28737,487,10,497
28737,28738,174,3,177
28738,28739,1593,26,1619
28739,28740,434,3,437
28740,28741,386,6,392
28741,28742,182,6,188
28742,28743,666,21,687
28743,28744,337,7,344
28744,28745,735,22,757
28745,28746,27157,258,27415
28746,28747,7221,202,7423
28747,28748,100,6,106
28748,28749,602,9,611
28749,28750,168,8,176
28750,28751,596,14,610
28751,28752,257,7,264
28752,28753,3864,49,3913
28753,28754,100,5,105
28754,28755,109,3,112
28755,28756,595,12,607
28756,28757,153,6,159
28757,28758,450,9,459
28758,28759,5213,66,5279
28759,28760,3756,90,3846
28760,28761,1388,34,1422
28761,28762,1939,58,1997
28762,28763,1851,24,1875
28763,28764,103,2,105
28764,28765,580,12,592
28765,28766,322,8,330
28766,28767,1714,25,1739
28767,28768,65,2,67
28768,28769,44,3,47
28769,28770,49311,505,49816
28770,28771,339,5,344
28771,28772,104,0,104
28772,28773,333,11,344
28773,28774,6786,170,6956
28774,28775,215,0,215
28775,28776,142,2,144
28776,28777,140,3,143
28777,28778,116,3,119
28778,28779,637,5,642
28779,28780,151,4,155
28780,28781,1154,27,1181
28781,28782,492,9,501
28782,28783,452,13,465
28783,28784,4213,25,4238
28784,28785,110,4,114
28785,28786,790,23,813
28786,28787,695,16,711
28787,28788,6653,270,6923
28788,28789,680,14,694
28789,28790,278,3,281
28790,28791,4724,96,4820
28791,28792,276,5,281
28792,28793,377,11,388
28793,28794,369,5,374
28794,28795,352,7,359
28795,28796,347,3,350
28796,28797,2802,57,2859
28797,28798,102,6,108
28798,28799,241,8,249
28799,28800,1206,16,1222
28800,28801,14,1,15
28801,28802,192,4,196
28802,28803,360,15,375
28803,28804,359,2,361
28804,28805,231,5,236
28805,28806,2155,55,2210
28806,28807,113,3,116
28807,28808,570,12,582
28808,28809,1595,37,1632
28809,28810,52,2,54
28810,28811,189,8,197
28811,28812,1296,32,1328
28812,28813,112,2,114
28813,28814,80,0,80
28814,28815,50,2,52
28815,28816,131,1,132
28816,28817,77,2,79
28817,28818,43858,601,44459
28818,28819,25162,553,25715
28819,28820,6423,255,6678
28820,28821,23463,389,23852
28821,28822,2236,77,2313
28822,28823,57,3,60
28823,28824,3256,92,3348
28824,28825,34,1,35
28825,28826,521,14,535
28826,28827,196,7,203
28827,28828,470,11,481
28828,28829,59,0,59
28829,28830,534,16,550
28830,28831,561,10,571
28831,28832,1063,13,1076
28832,28833,116,4,120
28833,28834,62,3,65
28834,28835,258,4,262
28835,28836,4198,444,4642
28836,28837,2322,70,2392
28837,28838,155,2,157
28838,28839,652,18,670
28839,28840,2107,51,2158
28840,28841,225,8,233
28841,28842,1168,28,1196
28842,28843,320,8,328
28843,28844,605,8,613
28844,28845,496,13,509
28845,28846,548,5,553
28846,28847,193,1,194
28847,28848,212,4,216
28848,28849,187,6,193
28849,28850,856,23,879
28850,28851,242,1,243
28851,28852,19242,265,19507
28852,28853,79,1,80
28853,28854,116,3,119
28854,28855,2008,55,2063
28855,28856,221,3,224
28856,28857,544,7,551
28857,28858,5085,103,5188
28858,28859,160,8,168
28859,28860,66,4,70
28860,28861,291,7,298
28861,28862,135,2,137
28862,28863,128,3,131
28863,28864,113,2,115
28864,28865,6894,86,6980
28865,28866,421,18,439
28866,28867,213,3,216
28867,28868,299,7,306
28868,28869,204,4,208
28869,28870,137,1,138
28870,28871,189,7,196
28871,28872,8900,255,9155
28872,28873,241,7,248
28873,28874,519,14,533
28874,28875,346,6,352
28875,28876,540,8,548
28876,28877,414,6,420
28877,28878,1989,23,2012
28878,28879,39,4,43
28879,28880,3066,40,3106
28880,28881,51,0,51
28881,28882,2739,33,2772
28882,28883,306,2,308
28883,28884,172,5,177
28884,28885,1172,20,1192
28885,28886,7504,158,7662
28886,28887,2853,81,2934
28887,28888,311,1,312
28888,28889,987,30,1017
28889,28890,272,7,279
28890,28891,382,4,386
28891,28892,332,3,335
28892,28893,283,10,293
28893,28894,590,13,603
28894,28895,487,2,489
28895,28896,134,1,135
28896,28897,1106,32,1138
28897,28898,2772,37,2809
28898,28899,1107,25,1132
28899,28900,764,14,778
28900,28901,530,15,545
28901,28902,305,12,317
28902,28903,224,3,227
28903,28904,278,8,286
28904,28905,58,2,60
28905,28906,1631,25,1656
28906,28907,4069,122,4191
28907,28908,4772,108,4880
28908,28909,46,2,48
28909,28910,1084,23,1107
28910,28911,354,8,362
28911,28912,101,0,101
28912,28913,1042,17,1059
28913,28914,74,2,76
28914,28915,2524,76,2600
28915,28916,70,1,71
28916,28917,583,12,595
28917,28918,879,13,892
28918,28919,949,13,962
28919,28920,296,6,302
28920,28921,72,3,75
28921,28922,1921,40,1961
28922,28923,124,2,126
28923,28924,176,1,177
28924,28925,756,23,779
28925,28926,283,3,286
28926,28927,1098,25,1123
28927,28928,274,6,280
28928,28929,17,1,18
28929,28930,102,1,103
28930,28931,407,7,414
28931,28932,993,26,1019
28932,28933,190,7,197
28933,28934,6106,206,6312
28934,28935,1529,42,1571
28935,28936,471,4,475
28936,28937,957,12,969
28937,28938,2183,36,2219
28938,28939,104,2,106
28939,28940,194,3,197
28940,28941,573,15,588
28941,28942,129,3,132
28942,28943,483,7,490
28943,28944,764,7,771
28944,28945,7781,187,7968
28945,28946,11713,226,11939
28946,28947,796,7,803
28947,28948,76,1,77
28948,28949,72,2,74
28949,28950,43820,979,44799
28950,28951,1085,31,1116
28951,28952,2489,51,2540
28952,28953,499,6,505
28953,28954,596,20,616
28954,28955,47,3,50
28955,28956,2285,52,2337
28956,28957,425,8,433
28957,28958,1499,42,1541
28958,28959,628,13,641
28959,28960,1948,67,2015
28960,28961,282,2,284
28961,28962,458,8,466
28962,28963,1069,12,1081
28963,28964,579,8,587
28964,28965,7831,185,8016
28965,28966,98,1,99
28966,28967,669,18,687
28967,28968,38,2,40
28968,28969,106,2,108
28969,28970,2590,61,2651
28970,28971,678,22,700
28971,28972,160,5,165
28972,28973,386,10,396
28973,28974,228,7,235
28974,28975,218,6,224
28975,28976,1250,22,1272
28976,28977,532,18,550
28977,28978,106,2,108
28978,28979,349,4,353
28979,28980,269,1,270
28980,28981,3394,71,3465
28981,28982,289,12,301
28982,28983,935,31,966
28983,28984,575,10,585
28984,28985,1671,33,1704
28985,28986,277,7,284
28986,28987,17,0,17
28987,28988,414,11,425
28988,28989,157,4,161
28989,28990,646,4,650
28990,28991,531,18,549
28991,28992,232,5,237
28992,28993,303,7,310
28993,28994,927,13,940
28994,28995,1486,27,1513
28995,28996,539,17,556
28996,28997,1784,33,1817
28997,28998,10490,273,10763
28998,28999,15811,142,15953
28999,29000,3024,32,3056
29000,29001,271,3,274
29001,29002,42758,1063,43821
29002,29003,1528,24,1552
29003,29004,126,2,128
29004,29005,558,9,567
29005,29006,151,4,155
29006,29007,483,6,489
29007,29008,43,1,44
29008,29009,195,5,200
29009,29010,254,5,259
29010,29011,2054,24,2078
29011,29012,344,8,352
29012,29013,12634,299,12933
29013,29014,337,7,344
29014,29015,192,0,192
29015,29016,61,2,63
29016,29017,16,0,16
29017,29018,169,2,171
29018,29019,530,6,536
29019,29020,159,5,164
29020,29021,1578,34,1612
29021,29022,255,4,259
29022,29023,902,32,934
29023,29024,3225,45,3270
29024,29025,167,5,172
29025,29026,259,3,262
29026,29027,130,1,131
29027,29028,25,1,26
29028,29029,130,2,132
29029,29030,250,6,256
29030,29031,395,7,402
29031,29032,129,1,130
29032,29033,22286,351,22637
29033,29034,95,0,95
29034,29035,300,5,305
29035,29036,784,14,798
29036,29037,1650,28,1678
29037,29038,56,0,56
29038,29039,2898,77,2975
29039,29040,2191,87,2278
29040,29041,356,3,359
29041,29042,36,1,37
29042,29043,362,13,375
29043,29044,200,5,205
29044,29045,158,2,160
29045,29046,208,8,216
29046,29047,332,11,343
29047,29048,111,1,112
29048,29049,530,4,534
29049,29050,457,13,470
29050,29051,859,21,880
29051,29052,766,17,783
29052,29053,1722,29,1751
29053,29054,402,7,409
29054,29055,264,1,265
29055,29056,3957,97,4054
29056,29057,552,12,564
29057,29058,2029,37,2066
29058,29059,399,4,403
29059,29060,507,11,518
29060,29061,1405,16,1421
29061,29062,26872,190,27062
29062,29063,1357,37,1394
29063,29064,191,4,195
29064,29065,118,1,119
29065,29066,133,3,136
29066,29067,61,0,61
29067,29068,183,2,185
29068,29069,191,4,195
29069,29070,504,6,510
29070,29071,102,2,104
29071,29072,152,2,154
29072,29073,486,15,501
29073,29074,1069,11,1080
29074,29075,441,6,447
29075,29076,556,10,566
29076,29077,99,1,100
29077,29078,1804,25,1829
29078,29079,301,5,306
29079,29080,330,6,336
29080,29081,2098,60,2158
29081,29082,601,15,616
29082,29083,141,1,142
29083,29084,75,3,78
29084,29085,3056,61,3117
29085,29086,38,0,38
29086,29087,3465,34,3499
29087,29088,6332,87,6419
29088,29089,136,3,139
29089,29090,185,3,188
29090,29091,1014,11,1025
29091,29092,3074,45,3119
29092,29093,2128,23,2151
29093,29094,2166,49,2215
29094,29095,510,7,517
29095,29096,88,2,90
29096,29097,648,7,655
29097,29098,257,0,257
29098,29099,1051,20,1071
29099,29100,1060,19,1079
29100,29101,156,3,159
29101,29102,1259,40,1299
29102,29103,1118,17,1135
29103,29104,522,14,536
29104,29105,13588,200,13788
29105,29106,182,9,191
29106,29107,47,0,47
29107,29108,186,3,189
29108,29109,889,15,904
29109,29110,710,25,735
29110,29111,374,8,382
29111,29112,32,2,34
29112,29113,137,3,140
29113,29114,64,0,64
29114,29115,331,6,337
29115,29116,460,14,474
29116,29117,335,7,342
29117,29118,317,4,321
29118,29119,3994,84,4078
29119,29120,6266,106,6372
29120,29121,720,10,730
29121,29122,381,4,385
29122,29123,1717,27,1744
29123,29124,975,24,999
29124,29125,1519,51,1570
29125,29126,1322,29,1351
29126,29127,138,4,142
29127,29128,60,2,62
29128,29129,139,0,139
29129,29130,1491,35,1526
29130,29131,910,22,932
29131,29132,4193,112,4305
29132,29133,3900,107,4007
29133,29134,16,0,16
29134,29135,174,40,214
29135,29136,368,5,373
29136,29137,135,1,136
29137,29138,1229,29,1258
29138,29139,146,1,147
29139,29140,7134,90,7224
29140,29141,1051,6,1057
29141,29142,253,3,256
29142,29143,1125,24,1149
29143,29144,2277,44,2321
29144,29145,381,9,390
29145,29146,1280,35,1315
29146,29147,880,9,889
29147,29148,483,13,496
29148,29149,588,8,596
29149,29150,1041,23,1064
29150,29151,274,5,279
29151,29152,4595,107,4702
29152,29153,167,3,170
29153,29154,75,1,76
29154,29155,382,16,398
29155,29156,102,0,102
29156,29157,382,3,385
29157,29158,1723,44,1767
29158,29159,46,1,47
29159,29160,186,4,190
29160,29161,811,19,830
29161,29162,98,4,102
29162,29163,7767,148,7915
29163,29164,464,6,470
29164,29165,586,18,604
29165,29166,1726,33,1759
29166,29167,56,2,58
29167,29168,61,1,62
29168,29169,100,1,101
29169,29170,410,7,417
29170,29171,175,6,181
29171,29172,327,8,335
29172,29173,164,2,166
29173,29174,1246,19,1265
29174,29175,8251,236,8487
29175,29176,1295,35,1330
29176,29177,419,2,421
29177,29178,221,6,227
29178,29179,896,18,914
29179,29180,539,5,544
29180,29181,293,3,296
29181,29182,372,13,385
29182,29183,95,9,104
29183,29184,332,10,342
29184,29185,580,6,586
29185,29186,1257,16,1273
29186,29187,1067,22,1089
29187,29188,211,1,212
29188,29189,384,7,391
29189,29190,103,2,105
29190,29191,50,0,50
29191,29192,541,8,549
29192,29193,382,8,390
29193,29194,129,5,134
29194,29195,17,1,18
29195,29196,1995,95,2090
29196,29197,30676,234,30910
29197,29198,282,8,290
29198,29199,176,0,176
29199,29200,2999,25,3024
29200,29201,1110,10,1120
29201,29202,587,8,595
29202,29203,1789,16,1805
29203,29204,295,2,297
29204,29205,186,3,189
29205,29206,318,40,358
29206,29207,135,1,136
29207,29208,154,3,157
29208,29209,167,11,178
29209,29210,1065,18,1083
29210,29211,831,7,838
29211,29212,912,14,926
29212,29213,124,2,126
29213,29214,400,14,414
29214,29215,114,0,114
29215,29216,11784,368,12152
29216,29217,1077,24,1101
29217,29218,372,4,376
29218,29219,3165,97,3262
29219,29220,757,16,773
29220,29221,399,4,403
29221,29222,147,4,151
29222,29223,418,2,420
29223,29224,872,2,874
29224,29225,413,11,424
29225,29226,1087,27,1114
29226,29227,639,19,658
29227,29228,131,0,131
29228,29229,1043,12,1055
29229,29230,70,3,73
29230,29231,508,70,578
29231,29232,31,0,31
29232,29233,219,2,221
29233,29234,1769,23,1792
29234,29235,1245,21,1266
29235,29236,154,0,154
29236,29237,712,19,731
29237,29238,640,15,655
29238,29239,162,1,163
29239,29240,290,9,299
29240,29241,40778,756,41534
29241,29242,293,5,298
29242,29243,99,4,103
29243,29244,982,11,993
29244,29245,553,13,566
29245,29246,225,9,234
29246,29247,3020,42,3062
29247,29248,1044,32,1076
29248,29249,836,3,839
29249,29250,1075,10,1085
29250,29251,1189,22,1211
29251,29252,271,0,271
29252,29253,2871,185,3056
29253,29254,341,8,349
29254,29255,234,7,241
29255,29256,185,8,193
29256,29257,6020,126,6146
29257,29258,63,0,63
29258,29259,381,9,390
29259,29260,527,6,533
29260,29261,257,6,263
29261,29262,577,15,592
29262,29263,98,3,101
29263,29264,110,3,113
29264,29265,367,38,405
29265,29266,602,14,616
29266,29267,748,19,767
29267,29268,772,15,787
29268,29269,161,4,165
29269,29270,438,16,454
29270,29271,65,0,65
29271,29272,855,24,879
29272,29273,185,5,190
29273,29274,455,7,462
29274,29275,106,1,107
29275,29276,414,5,419
29276,29277,1690,8,1698
29277,29278,39,1,40
29278,29279,305,5,310
29279,29280,213,8,221
29280,29281,146,2,148
29281,29282,35,1,36
29282,29283,151,3,154
29283,29284,831,25,856
29284,29285,3420,114,3534
29285,29286,54,0,54
29286,29287,250,4,254
29287,29288,116,5,121
29288,29289,682,21,703
29289,29290,348,2,350
29290,29291,274,6,280
29291,29292,131,3,134
29292,29293,120,3,123
29293,29294,35826,1147,36973
29294,29295,47,0,47
29295,29296,185,4,189
29296,29297,348,9,357
29297,29298,231,3,234
29298,29299,244,6,250
29299,29300,222,8,230
29300,29301,36,1,37
29301,29302,142,3,145
29302,29303,1040,31,1071
29303,29304,188,1,189
29304,29305,137,0,137
29305,29306,1231,20,1251
29306,29307,10454,116,10570
29307,29308,1417,30,1447
29308,29309,8575,211,8786
29309,29310,1235,25,1260
29310,29311,194,3,197
29311,29312,1615,37,1652
29312,29313,239,6,245
29313,29314,69,3,72
29314,29315,200,3,203
29315,29316,843,33,876
29316,29317,729,12,741
29317,29318,104,6,110
29318,29319,79,2,81
29319,29320,13886,344,14230
29320,29321,47,2,49
29321,29322,222,3,225
29322,29323,778,10,788
29323,29324,10482,179,10661
29324,29325,837,22,859
29325,29326,565,9,574
29326,29327,4484,74,4558
29327,29328,418,6,424
29328,29329,655,9,664
29329,29330,260,7,267
29330,29331,280,8,288
29331,29332,6120,100,6220
29332,29333,1216,25,1241
29333,29334,273,0,273
29334,29335,424,2,426
29335,29336,117,4,121
29336,29337,7924,135,8059
29337,29338,213,6,219
29338,29339,3884,33,3917
29339,29340,84,2,86
29340,29341,1119,13,1132
29341,29342,541,7,548
29342,29343,751,11,762
29343,29344,814,14,828
29344,29345,915,38,953
29345,29346,439,11,450
29346,29347,122,2,124
29347,29348,3053,63,3116
29348,29349,254,8,262
29349,29350,513,5,518
29350,29351,672,9,681
29351,29352,2858,151,3009
29352,29353,1131,19,1150
29353,29354,17,0,17
29354,29355,40,2,42
29355,29356,6330,150,6480
29356,29357,78,3,81
29357,29358,1788,45,1833
29358,29359,858,16,874
29359,29360,2473,44,2517
29360,29361,290,5,295
29361,29362,481,13,494
29362,29363,604,5,609
29363,29364,215,5,220
29364,29365,149,2,151
29365,29366,250,0,250
29366,29367,1207,36,1243
29367,29368,232,12,244
29368,29369,168,5,173
29369,29370,300,7,307
29370,29371,1675,257,1932
29371,29372,1409,27,1436
29372,29373,663,3,666
29373,29374,295,6,301
29374,29375,79,0,79
29375,29376,1009,17,1026
29376,29377,318,7,325
29377,29378,1362,14,1376
29378,29379,196,9,205
29379,29380,407,6,413
29380,29381,1099,25,1124
29381,29382,669,3,672
29382,29383,65,1,66
29383,29384,1157,23,1180
29384,29385,214,4,218
29385,29386,338,12,350
29386,29387,2127,99,2226
29387,29388,200,5,205
29388,29389,556,10,566
29389,29390,3029,74,3103
29390,29391,203,2,205
29391,29392,1039,19,1058
29392,29393,678,8,686
29393,29394,6598,284,6882
29394,29395,319,4,323
29395,29396,198,7,205
29396,29397,213,3,216
29397,29398,249,0,249
29398,29399,664,12,676
29399,29400,4432,73,4505
29400,29401,156,5,161
29401,29402,1576,38,1614
29402,29403,381,3,384
29403,29404,4294,76,4370
29404,29405,22,0,22
29405,29406,2020,42,2062
29406,29407,7555,99,7654
29407,29408,174,0,174
29408,29409,106,4,110
29409,29410,2333,51,2384
29410,29411,1138,7,1145
29411,29412,836,19,855
29412,29413,227,6,233
29413,29414,285,6,291
29414,29415,312,6,318
29415,29416,746,14,760
29416,29417,192,4,196
29417,29418,64,0,64
29418,29419,1069,23,1092
29419,29420,349,9,358
29420,29421,378,10,388
29421,29422,233,11,244
29422,29423,651,23,674
29423,29424,509,17,526
29424,29425,220,5,225
29425,29426,1435,119,1554
29426,29427,516,14,530
29427,29428,154,1,155
29428,29429,279,4,283
29429,29430,1744,21,1765
29430,29431,1234,24,1258
29431,29432,1084,30,1114
29432,29433,85,0,85
29433,29434,4882,87,4969
29434,29435,346,10,356
29435,29436,816,19,835
29436,29437,174,5,179
29437,29438,294,7,301
29438,29439,10294,139,10433
29439,29440,79,2,81
29440,29441,167,0,167
29441,29442,3739,191,3930
29442,29443,464,17,481
29443,29444,91,1,92
29444,29445,953,23,976
29445,29446,109,2,111
29446,29447,288,4,292
29447,29448,172,6,178
29448,29449,346,5,351
29449,29450,472,9,481
29450,29451,1742,37,1779
29451,29452,155,4,159
29452,29453,138,3,141
29453,29454,279,5,284
29454,29455,103,3,106
29455,29456,138,2,140
29456,29457,122,0,122
29457,29458,121,5,126
29458,29459,92,3,95
29459,29460,1569,44,1613
29460,29461,456,4,460
29461,29462,8856,289,9145
29462,29463,188,3,191
29463,29464,98,2,100
29464,29465,1170,14,1184
29465,29466,8097,139,8236
29466,29467,9130,225,9355
29467,29468,4381,165,4546
29468,29469,675,26,701
29469,29470,1196,27,1223
29470,29471,554,14,568
29471,29472,299,4,303
29472,29473,794,26,820
29473,29474,115,1,116
29474,29475,729,16,745
29475,29476,2813,39,2852
29476,29477,72,2,74
29477,29478,215,5,220
29478,29479,796,25,821
29479,29480,491,7,498
29480,29481,1223,29,1252
29481,29482,765,15,780
29482,29483,1429,9,1438
29483,29484,172,7,179
29484,29485,274,10,284
29485,29486,4397,55,4452
29486,29487,935,25,960
29487,29488,30,0,30
29488,29489,1019,16,1035
29489,29490,3839,68,3907
29490,29491,721,31,752
29491,29492,67,1,68
29492,29493,73,3,76
29493,29494,212,5,217
29494,29495,838,8,846
29495,29496,793,13,806
29496,29497,178,8,186
29497,29498,988,18,1006
29498,29499,230,3,233
29499,29500,3219,79,3298
29500,29501,1355,36,1391
29501,29502,547,8,555
29502,29503,119,1,120
29503,29504,239,6,245
29504,29505,2615,141,2756
29505,29506,347,1,348
29506,29507,339,3,342
29507,29508,3911,29,3940
29508,29509,353,7,360
29509,29510,838,15,853
29510,29511,212,8,220
29511,29512,391,1,392
29512,29513,507,16,523
29513,29514,238,1,239
29514,29515,457,12,469
29515,29516,275,13,288
29516,29517,272,2,274
29517,29518,15633,265,15898
29518,29519,1708,53,1761
29519,29520,2752,28,2780
29520,29521,86,2,88
29521,29522,121,1,122
29522,29523,178745,1896,180641
29523,29524,1138,20,1158
29524,29525,1510,27,1537
29525,29526,740,22,762
29526,29527,7192,124,7316
29527,29528,493465,5131,498596
29528,29529,217,6,223
29529,29530,329,6,335
29530,29531,254,2,256
29531,29532,3731,67,3798
29532,29533,90,2,92
29533,29534,1221,11,1232
29534,29535,317,15,332
29535,29536,664,9,673
29536,29537,1115,16,1131
29537,29538,134,3,137
29538,29539,1719,157,1876
29539,29540,92,1,93
29540,29541,997,27,1024
29541,29542,98656,689,99345
29542,29543,128,4,132
29543,29544,133,1,134
29544,29545,782,19,801
29545,29546,133,8,141
29546,29547,172,1,173
29547,29548,903,14,917
29548,29549,462,16,478
29549,29550,302,1,303
29550,29551,182,2,184
29551,29552,8521,110,8631
29552,29553,117,3,120
29553,29554,232,4,236
29554,29555,1172,21,1193
29555,29556,260,8,268
29556,29557,468,8,476
29557,29558,28117,615,28732
29558,29559,155,1,156
29559,29560,1400,17,1417
29560,29561,425,8,433
29561,29562,1067,27,1094
29562,29563,310,8,318
29563,29564,270,4,274
29564,29565,152,1,153
29565,29566,392,9,401
29566,29567,592,22,614
29567,29568,1132,25,1157
29568,29569,460,10,470
29569,29570,761,13,774
29570,29571,10622,515,11137
29571,29572,92,4,96
29572,29573,90,5,95
29573,29574,5489,338,5827
29574,29575,3092,50,3142
29575,29576,487,7,494
29576,29577,131,0,131
29577,29578,111,6,117
29578,29579,5013,46,5059
29579,29580,2877,51,2928
29580,29581,4041,100,4141
29581,29582,758,10,768
29582,29583,137087,2756,139843
29583,29584,910,11,921
29584,29585,809,10,819
29585,29586,1384,13,1397
29586,29587,514,24,538
29587,29588,124,6,130
29588,29589,180,4,184
29589,29590,641,10,651
29590,29591,585,15,600
29591,29592,155,7,162
29592,29593,274,15,289
29593,29594,138,1,139
29594,29595,5042,71,5113
29595,29596,240,11,251
29596,29597,1121,12,1133
29597,29598,2493,21,2514
29598,29599,691,7,698
29599,29600,1211,39,1250
29600,29601,1118,14,1132
29601,29602,730,160,890
29602,29603,778,24,802
29603,29604,2595,32,2627
29604,29605,416,4,420
29605,29606,119,2,121
29606,29607,215,6,221
29607,29608,702,12,714
29608,29609,3188,28,3216
29609,29610,1124,21,1145
29610,29611,363,8,371
29611,29612,1166,38,1204
29612,29613,1311,31,1342
29613,29614,194,5,199
29614,29615,439,5,444
29615,29616,388,5,393
29616,29617,1322,33,1355
29617,29618,423,8,431
29618,29619,1867,25,1892
29619,29620,1165,26,1191
29620,29621,581,7,588
29621,29622,370,8,378
29622,29623,299,2,301
29623,29624,664,11,675
29624,29625,96,0,96
29625,29626,38,0,38
29626,29627,297,7,304
29627,29628,1725,49,1774
29628,29629,1068,32,1100
29629,29630,986,15,1001
29630,29631,346,7,353
29631,29632,649,16,665
29632,29633,93,1,94
29633,29634,162,2,164
29634,29635,325,6,331
29635,29636,75,0,75
29636,29637,110,1,111
29637,29638,692,10,702
29638,29639,1056,19,1075
29639,29640,404,8,412
29640,29641,59,0,59
29641,29642,151,3,154
29642,29643,37,1,38
29643,29644,777,25,802
29644,29645,86,2,88
29645,29646,56,1,57
29646,29647,28,0,28
29647,29648,1776,43,1819
29648,29649,97,1,98
29649,29650,185,3,188
29650,29651,164,2,166
29651,29652,1509,34,1543
29652,29653,217,7,224
29653,29654,104,1,105
29654,29655,227,4,231
29655,29656,5947,134,6081
29656,29657,591,4,595
29657,29658,1094,10,1104
29658,29659,353,1,354
29659,29660,32645,114,32759
29660,29661,30,0,30
29661,29662,459,8,467
29662,29663,605,11,616
29663,29664,597,3,600
29664,29665,711,13,724
29665,29666,658,8,666
29666,29667,69,3,72
29667,29668,360,13,373
29668,29669,121,4,125
29669,29670,1047,13,1060
29670,29671,3448,83,3531
29671,29672,379,9,388
29672,29673,83,0,83
29673,29674,1307,24,1331
29674,29675,2406,99,2505
29675,29676,930,11,941
29676,29677,2406,56,2462
29677,29678,301,7,308
29678,29679,544,13,557
29679,29680,1297,80,1377
29680,29681,384,8,392
29681,29682,969,20,989
29682,29683,255,5,260
29683,29684,295,5,300
29684,29685,9617,246,9863
29685,29686,1412,34,1446
29686,29687,221,9,230
29687,29688,3280,82,3362
29688,29689,1246,24,1270
29689,29690,665,8,673
29690,29691,36461,163,36624
29691,29692,2243,66,2309
29692,29693,165,3,168
29693,29694,149,3,152
29694,29695,153,0,153
29695,29696,456,12,468
29696,29697,242,4,246
29697,29698,896,26,922
29698,29699,2212,56,2268
29699,29700,1244,20,1264
29700,29701,176,2,178
29701,29702,310,5,315
29702,29703,246,1,247
29703,29704,137,0,137
29704,29705,809,31,840
29705,29706,1806,50,1856
29706,29707,676,24,700
29707,29708,26,1,27
29708,29709,2220,35,2255
29709,29710,1085,13,1098
29710,29711,2988,106,3094
29711,29712,4895,52,4947
29712,29713,695,11,706
29713,29714,1405,30,1435
29714,29715,484,8,492
29715,29716,514,12,526
29716,29717,10303,150,10453
29717,29718,232,0,232
29718,29719,411,7,418
29719,29720,466,63,529
29720,29721,986,15,1001
29721,29722,520,5,525
29722,29723,41,2,43
29723,29724,1371,14,1385
29724,29725,1935,31,1966
29725,29726,306,5,311
29726,29727,1007,26,1033
29727,29728,12250,213,12463
29728,29729,440,10,450
29729,29730,2605,33,2638
29730,29731,203,5,208
29731,29732,7983,81,8064
29732,29733,542,9,551
29733,29734,1288,25,1313
29734,29735,657,5,662
29735,29736,75,2,77
29736,29737,5045,32,5077
29737,29738,584,11,595
29738,29739,209,4,213
29739,29740,217,4,221
29740,29741,602,8,610
29741,29742,330,11,341
29742,29743,6292,88,6380
29743,29744,533,4,537
29744,29745,259,7,266
29745,29746,503,9,512
29746,29747,1470,33,1503
29747,29748,433,14,447
29748,29749,310,4,314
29749,29750,3459,91,3550
29750,29751,551,6,557
29751,29752,170,4,174
29752,29753,233,2,235
29753,29754,296,4,300
29754,29755,224,6,230
29755,29756,122,0,122
29756,29757,190,5,195
29757,29758,940,22,962
29758,29759,147,2,149
29759,29760,1516,12,1528
29760,29761,129,4,133
29761,29762,243,1,244
29762,29763,1256,28,1284
29763,29764,433,9,442
29764,29765,1308,32,1340
29765,29766,794,62,856
29766,29767,300,7,307
29767,29768,824,7,831
29768,29769,113,0,113
29769,29770,338,5,343
29770,29771,183,5,188
29771,29772,127,3,130
29772,29773,249,2,251
29773,29774,530,21,551
29774,29775,879,12,891
29775,29776,398,9,407
29776,29777,200,2,202
29777,29778,1353,29,1382
29778,29779,285,10,295
29779,29780,2063,54,2117
29780,29781,583,8,591
29781,29782,224,7,231
29782,29783,75,0,75
29783,29784,598,16,614
29784,29785,123,3,126
29785,29786,2174,24,2198
29786,29787,104,1,105
29787,29788,324,4,328
29788,29789,461,11,472
29789,29790,105,5,110
29790,29791,624,8,632
29791,29792,762,13,775
29792,29793,4603,89,4692
29793,29794,3953,116,4069
29794,29795,101,1,102
29795,29796,61957,1130,63087
29796,29797,244,1,245
29797,29798,219,7,226
29798,29799,4267,99,4366
29799,29800,144,2,146
29800,29801,219,3,222
29801,29802,134,6,140
29802,29803,119,1,120
29803,29804,119,4,123
29804,29805,532,25,557
29805,29806,1235,66,1301
29806,29807,210,3,213
29807,29808,2452,40,2492
29808,29809,5502,128,5630
29809,29810,745,9,754
29810,29811,640,25,665
29811,29812,755,13,768
29812,29813,360,10,370
29813,29814,52,1,53
29814,29815,410,4,414
29815,29816,3641,126,3767
29816,29817,753,14,767
29817,29818,7,0,7
29818,29819,475,8,483
29819,29820,748,16,764
29820,29821,784,15,799
29821,29822,427,9,436
29822,29823,445,8,453
29823,29824,87,1,88
29824,29825,900,24,924
29825,29826,1060,19,1079
29826,29827,495,9,504
29827,29828,1308,19,1327
29828,29829,1449,39,1488
29829,29830,195,3,198
29830,29831,521,7,528
29831,29832,973,21,994
29832,29833,242,9,251
29833,29834,177,3,180
29834,29835,274,2,276
29835,29836,611,7,618
29836,29837,114,6,120
29837,29838,2535,74,2609
29838,29839,1074,23,1097
29839,29840,684,15,699
29840,29841,943,24,967
29841,29842,578,7,585
29842,29843,957,18,975
29843,29844,416,6,422
29844,29845,316,6,322
29845,29846,8459,166,8625
29846,29847,627,12,639
29847,29848,2416,267,2683
29848,29849,7064,224,7288
29849,29850,116,0,116
29850,29851,238,10,248
29851,29852,92,2,94
29852,29853,14961,168,15129
29853,29854,7006,201,7207
29854,29855,2862,82,2944
29855,29856,2771,66,2837
29856,29857,939,24,963
29857,29858,1243,32,1275
29858,29859,532,22,554
29859,29860,187,14,201
29860,29861,103,2,105
29861,29862,347,12,359
29862,29863,405,5,410
29863,29864,3088,53,3141
29864,29865,1047,18,1065
29865,29866,783,17,800
29866,29867,85,1,86
29867,29868,177,1,178
29868,29869,388,13,401
29869,29870,637,5,642
29870,29871,395,10,405
29871,29872,119,4,123
29872,29873,605,10,615
29873,29874,259,4,263
29874,29875,1142,20,1162
29875,29876,173,7,180
29876,29877,151,4,155
29877,29878,485,15,500
29878,29879,129,0,129
29879,29880,2148,36,2184
29880,29881,1347,40,1387
29881,29882,711,28,739
29882,29883,348,8,356
29883,29884,102,4,106
29884,29885,575,11,586
29885,29886,1422,28,1450
29886,29887,333,3,336
29887,29888,436,5,441
29888,29889,540,11,551
29889,29890,105,0,105
29890,29891,69,1,70
29891,29892,246,6,252
29892,29893,1283,32,1315
29893,29894,797,21,818
29894,29895,559,6,565
29895,29896,184,4,188
29896,29897,814,16,830
29897,29898,160,0,160
29898,29899,106,5,111
29899,29900,498,11,509
29900,29901,917,10,927
29901,29902,1630,59,1689
29902,29903,1483,41,1524
29903,29904,6920,164,7084
29904,29905,685,14,699
29905,29906,1692,31,1723
29906,29907,216,7,223
29907,29908,895,23,918
29908,29909,415,13,428
29909,29910,103,1,104
29910,29911,392,2,394
29911,29912,483,5,488
29912,29913,351,8,359
29913,29914,563,18,581
29914,29915,793,11,804
29915,29916,2438,24,2462
29916,29917,241,3,244
29917,29918,53,0,53
29918,29919,1752,37,1789
29919,29920,1663,16,1679
29920,29921,281,5,286
29921,29922,375,6,381
29922,29923,2012,40,2052
29923,29924,14812,663,15475
29924,29925,7816,123,7939
29925,29926,538,9,547
29926,29927,328,4,332
29927,29928,637,10,647
29928,29929,175,1,176
29929,29930,3831,80,3911
29930,29931,811,20,831
29931,29932,87,2,89
29932,29933,44,1,45
29933,29934,674,20,694
29934,29935,571,14,585
29935,29936,11,0,11
29936,29937,127,3,130
29937,29938,1462,25,1487
29938,29939,335,8,343
29939,29940,332,10,342
29940,29941,222,7,229
29941,29942,438,9,447
29942,29943,1002,18,1020
29943,29944,129,4,133
29944,29945,8285,220,8505
29945,29946,790,8,798
29946,29947,773,11,784
29947,29948,574,6,580
29948,29949,1576,31,1607
29949,29950,296,7,303
29950,29951,766,19,785
29951,29952,167,0,167
29952,29953,100,1,101
29953,29954,501,2,503
29954,29955,2062,72,2134
29955,29956,598,20,618
29956,29957,4424,43,4467
29957,29958,1666,51,1717
29958,29959,825,14,839
29959,29960,91,5,96
29960,29961,6926,47,6973
29961,29962,373,15,388
29962,29963,946,30,976
29963,29964,1698,43,1741
29964,29965,7096,289,7385
29965,29966,288,11,299
29966,29967,83,1,84
29967,29968,690,29,719
29968,29969,33,0,33
29969,29970,185,3,188
29970,29971,111,3,114
29971,29972,803,16,819
29972,29973,210,5,215
29973,29974,677,14,691
29974,29975,705,6,711
29975,29976,1890,31,1921
29976,29977,407,13,420
29977,29978,125,1,126
29978,29979,53,0,53
29979,29980,177,5,182
29980,29981,2381,34,2415
29981,29982,423,14,437
29982,29983,116,4,120
29983,29984,8418,80,8498
29984,29985,1167,22,1189
29985,29986,117,4,121
29986,29987,457,10,467
29987,29988,1519,43,1562
29988,29989,359,11,370
29989,29990,120,1,121
29990,29991,61,0,61
29991,29992,50,1,51
29992,29993,318,14,332
29993,29994,124,6,130
29994,29995,438,10,448
29995,29996,589,10,599
29996,29997,242,11,253
29997,29998,248,2,250
29998,29999,2725,73,2798
29999,30000,149,4,153
30000,30001,282,13,295
30001,30002,66,1,67
30002,30003,310,3,313
30003,30004,277,7,284
30004,30005,246,9,255
30005,30006,233,3,236
30006,30007,1340,22,1362
30007,30008,1457,35,1492
30008,30009,76,2,78
30009,30010,10418,193,10611
30010,30011,29,1,30
30011,30012,757,27,784
30012,30013,2323,34,2357
30013,30014,231,3,234
30014,30015,13,0,13
30015,30016,381,3,384
30016,30017,116,7,123
30017,30018,122,2,124
30018,30019,684,12,696
30019,30020,850,30,880
30020,30021,1746,35,1781
30021,30022,283,10,293
30022,30023,1339,12,1351
30023,30024,117,0,117
30024,30025,430,5,435
30025,30026,226,2,228
30026,30027,415,9,424
30027,30028,4215,115,4330
30028,30029,317,4,321
30029,30030,601,9,610
30030,30031,99,2,101
30031,30032,168,1,169
30032,30033,298,2,300
30033,30034,1251,22,1273
30034,30035,1487,23,1510
30035,30036,857,28,885
30036,30037,1097,10,1107
30037,30038,6918,260,7178
30038,30039,272,10,282
30039,30040,867,1,868
30040,30041,561,4,565
30041,30042,209,2,211
30042,30043,160,2,162
30043,30044,594,14,608
30044,30045,520,13,533
30045,30046,2296,67,2363
30046,30047,59,1,60
30047,30048,1443,24,1467
30048,30049,31,1,32
30049,30050,201,2,203
30050,30051,166,4,170
30051,30052,404,10,414
30052,30053,214,4,218
30053,30054,1228,24,1252
30054,30055,1053,25,1078
30055,30056,175,1,176
30056,30057,1035,30,1065
30057,30058,102,4,106
30058,30059,2794,59,2853
30059,30060,459,10,469
30060,30061,767,30,797
30061,30062,8387,329,8716
30062,30063,1432,25,1457
30063,30064,738,19,757
30064,30065,134,4,138
30065,30066,1206,31,1237
30066,30067,189,4,193
30067,30068,859,17,876
30068,30069,287,7,294
30069,30070,36,0,36
30070,30071,648,9,657
30071,30072,77,2,79
30072,30073,249,4,253
30073,30074,234,13,247
30074,30075,1240,31,1271
30075,30076,1339,37,1376
30076,30077,721,12,733
30077,30078,286,7,293
30078,30079,75,0,75
30079,30080,232,5,237
30080,30081,529,8,537
30081,30082,263,4,267
30082,30083,583,18,601
30083,30084,3911,108,4019
30084,30085,513,10,523
30085,30086,151,2,153
30086,30087,250,2,252
30087,30088,1166,32,1198
30088,30089,151,4,155
30089,30090,2584,56,2640
30090,30091,636,22,658
30091,30092,43,0,43
30092,30093,914,20,934
30093,30094,2012,37,2049
30094,30095,652,13,665
30095,30096,745,86,831
30096,30097,4764,106,4870
30097,30098,807,10,817
30098,30099,291,3,294
30099,30100,13368,132,13500
30100,30101,1744,31,1775
30101,30102,5908,129,6037
30102,30103,226,3,229
30103,30104,2418,55,2473
30104,30105,1340,28,1368
30105,30106,787,13,800
30106,30107,3954,81,4035
30107,30108,990,23,1013
30108,30109,2352,43,2395
30109,30110,4903,84,4987
30110,30111,1025,12,1037
30111,30112,4122,103,4225
30112,30113,991,16,1007
30113,30114,118,1,119
30114,30115,2758,75,2833
30115,30116,8069,231,8300
30116,30117,1383,24,1407
30117,30118,874,15,889
30118,30119,170,2,172
30119,30120,607,16,623
30120,30121,1588,26,1614
30121,30122,3621,42,3663
30122,30123,1390,34,1424
30123,30124,2044,110,2154
30124,30125,2062,38,2100
30125,30126,4137,88,4225
30126,30127,957,10,967
30127,30128,51,0,51
30128,30129,255,4,259
30129,30130,2538,59,2597
30130,30131,928,34,962
30131,30132,202,4,206
30132,30133,3432,73,3505
30133,30134,1415,21,1436
30134,30135,2018,29,2047
30135,30136,802,19,821
30136,30137,379,5,384
30137,30138,1583,46,1629
30138,30139,2580,57,2637
30139,30140,1646,22,1668
30140,30141,993,34,1027
30141,30142,325,7,332
30142,30143,524,5,529
30143,30144,1308,16,1324
30144,30145,583,13,596
30145,30146,86,3,89
30146,30147,741,10,751
30147,30148,1779,23,1802
30148,30149,387,12,399
30149,30150,1832,54,1886
30150,30151,5040,59,5099
30151,30152,12910,287,13197
30152,30153,206,3,209
30153,30154,1491,33,1524
30154,30155,2535,22,2557
30155,30156,561,64,625
30156,30157,916,10,926
30157,30158,524,13,537
30158,30159,1537,19,1556
30159,30160,130,1,131
30160,30161,718,3,721
30161,30162,567,11,578
30162,30163,615,22,637
30163,30164,573,13,586
30164,30165,3411,48,3459
30165,30166,956,27,983
30166,30167,1076,22,1098
30167,30168,578,6,584
30168,30169,1593,38,1631
30169,30170,384,9,393
30170,30171,84,3,87
30171,30172,1723,38,1761
30172,30173,660,26,686
30173,30174,39,0,39
30174,30175,670,11,681
30175,30176,125,0,125
30176,30177,252,5,257
30177,30178,93,1,94
30178,30179,506,12,518
30179,30180,13486,554,14040
30180,30181,142,1,143
30181,30182,402,9,411
30182,30183,38,1,39
30183,30184,208,3,211
30184,30185,622,9,631
30185,30186,5748,101,5849
30186,30187,5755,117,5872
30187,30188,929,10,939
30188,30189,835,285,1120
30189,30190,828,10,838
30190,30191,840,23,863
30191,30192,464,8,472
30192,30193,427,7,434
30193,30194,2749,43,2792
30194,30195,5269,239,5508
30195,30196,220,8,228
30196,30197,140,3,143
30197,30198,857,18,875
30198,30199,705,11,716
30199,30200,248,6,254
30200,30201,126,1,127
30201,30202,191,11,202
30202,30203,64749,1400,66149
30203,30204,1299,27,1326
30204,30205,1048,9,1057
30205,30206,4455,116,4571
30206,30207,1122,20,1142
30207,30208,43229,448,43677
30208,30209,2879,49,2928
30209,30210,2353,93,2446
30210,30211,698,20,718
30211,30212,315,4,319
30212,30213,3173,62,3235
30213,30214,11272,169,11441
30214,30215,878,15,893
30215,30216,14883,51,14934
30216,30217,2338,107,2445
30217,30218,2057,29,2086
30218,30219,245,6,251
30219,30220,301,2,303
30220,30221,235,2,237
30221,30222,539,10,549
30222,30223,1397,15,1412
30223,30224,766,24,790
30224,30225,707,10,717
30225,30226,306,10,316
30226,30227,1768,29,1797
30227,30228,235,5,240
30228,30229,4160,100,4260
30229,30230,417,8,425
30230,30231,1025,24,1049
30231,30232,165,2,167
30232,30233,554,19,573
30233,30234,143,5,148
30234,30235,76,0,76
30235,30236,376,12,388
30236,30237,632,6,638
30237,30238,130,2,132
30238,30239,23,0,23
30239,30240,422,6,428
30240,30241,1388,20,1408
30241,30242,681,19,700
30242,30243,598,13,611
30243,30244,793,21,814
30244,30245,400,9,409
30245,30246,27364,179,27543
30246,30247,107,1,108
30247,30248,29,0,29
30248,30249,353,7,360
30249,30250,512,11,523
30250,30251,128,0,128
30251,30252,138,3,141
30252,30253,4935,60,4995
30253,30254,717,20,737
30254,30255,177,3,180
30255,30256,213,4,217
30256,30257,65,0,65
30257,30258,270,11,281
30258,30259,395,18,413
30259,30260,245,3,248
30260,30261,25,0,25
30261,30262,253,8,261
30262,30263,178,4,182
30263,30264,564,6,570
30264,30265,435,6,441
30265,30266,9460,179,9639
30266,30267,441,6,447
30267,30268,28,0,28
30268,30269,591,11,602
30269,30270,1421,37,1458
30270,30271,715,18,733
30271,30272,165,1,166
30272,30273,940,18,958
30273,30274,2562,59,2621
30274,30275,1066,25,1091
30275,30276,2393,54,2447
30276,30277,158,2,160
30277,30278,2412,39,2451
30278,30279,1538,26,1564
30279,30280,793,12,805
30280,30281,6480,125,6605
30281,30282,406,12,418
30282,30283,1154,40,1194
30283,30284,519,4,523
30284,30285,1299,20,1319
30285,30286,519,9,528
30286,30287,571,6,577
30287,30288,894,18,912
30288,30289,142,4,146
30289,30290,34,0,34
30290,30291,44,0,44
30291,30292,566,3,569
30292,30293,314,5,319
30293,30294,23,0,23
30294,30295,1213,25,1238
30295,30296,858,15,873
30296,30297,86,4,90
30297,30298,303,5,308
30298,30299,6822,266,7088
30299,30300,277,7,284
30300,30301,251,5,256
30301,30302,2507,44,2551
30302,30303,125,4,129
30303,30304,38,0,38
30304,30305,520,11,531
30305,30306,620,12,632
30306,30307,4206,58,4264
30307,30308,1755,52,1807
30308,30309,1326,19,1345
30309,30310,1641,32,1673
30310,30311,9403,230,9633
30311,30312,92,1,93
30312,30313,178,2,180
30313,30314,43,3,46
30314,30315,3530,65,3595
30315,30316,3420,121,3541
30316,30317,270,4,274
30317,30318,16378,350,16728
30318,30319,267,4,271
30319,30320,971,10,981
30320,30321,564,12,576
30321,30322,447,13,460
30322,30323,52,3,55
30323,30324,206,8,214
30324,30325,476,17,493
30325,30326,174,1,175
30326,30327,366,9,375
30327,30328,322,6,328
30328,30329,707,13,720
30329,30330,140,2,142
30330,30331,110,0,110
30331,30332,211,5,216
30332,30333,298,5,303
30333,30334,297,7,304
30334,30335,176,3,179
30335,30336,298,6,304
30336,30337,815,31,846
30337,30338,961,18,979
30338,30339,206,1,207
30339,30340,267,5,272
30340,30341,29942,281,30223
30341,30342,295,4,299
30342,30343,51,2,53
30343,30344,115,3,118
30344,30345,74,0,74
30345,30346,164,7,171
30346,30347,53719,1973,55692
30347,30348,538,8,546
30348,30349,614,9,623
30349,30350,216,8,224
30350,30351,935,13,948
30351,30352,823,19,842
30352,30353,183,4,187
30353,30354,27846,285,28131
30354,30355,232,10,242
30355,30356,188,1,189
30356,30357,690,106,796
30357,30358,438,11,449
30358,30359,170,0,170
30359,30360,252,0,252
30360,30361,336,4,340
30361,30362,226,2,228
30362,30363,303,15,318
30363,30364,843,19,862
30364,30365,1176,15,1191
30365,30366,372,8,380
30366,30367,335,12,347
30367,30368,561,10,571
30368,30369,619,12,631
30369,30370,697,11,708
30370,30371,3594,42,3636
30371,30372,997,12,1009
30372,30373,8301,164,8465
30373,30374,306,9,315
30374,30375,654,13,667
30375,30376,945,33,978
30376,30377,331,2,333
30377,30378,728,17,745
30378,30379,113,3,116
30379,30380,272,5,277
30380,30381,1494,26,1520
30381,30382,2300,31,2331
30382,30383,24,2,26
30383,30384,1132,26,1158
30384,30385,9201,177,9378
30385,30386,639,11,650
30386,30387,2317,48,2365
30387,30388,566,8,574
30388,30389,928,5,933
30389,30390,539,14,553
30390,30391,3618,73,3691
30391,30392,261,4,265
30392,30393,1829,37,1866
30393,30394,417,12,429
30394,30395,3601,70,3671
30395,30396,229,8,237
30396,30397,300,4,304
30397,30398,365,10,375
30398,30399,2457,43,2500
30399,30400,3495,55,3550
30400,30401,286,3,289
30401,30402,211,4,215
30402,30403,194,8,202
30403,30404,521,9,530
30404,30405,24,1,25
30405,30406,328,9,337
30406,30407,51,0,51
30407,30408,158,3,161
30408,30409,1944,49,1993
30409,30410,244,11,255
30410,30411,1218,50,1268
30411,30412,2032,22,2054
30412,30413,197,3,200
30413,30414,387,10,397
30414,30415,961,26,987
30415,30416,833,17,850
30416,30417,1103,200,1303
30417,30418,671,8,679
30418,30419,357,1,358
30419,30420,1671,29,1700
30420,30421,315,9,324
30421,30422,302,5,307
30422,30423,1501,34,1535
30423,30424,461,5,466
30424,30425,139,5,144
30425,30426,219,4,223
30426,30427,326,8,334
30427,30428,65,1,66
30428,30429,280,27,307
30429,30430,88,3,91
30430,30431,438,7,445
30431,30432,71,1,72
30432,30433,1945,39,1984
30433,30434,322,8,330
30434,30435,132,2,134
30435,30436,360,11,371
30436,30437,317,6,323
30437,30438,155,2,157
30438,30439,576,5,581
30439,30440,322,6,328
30440,30441,178,4,182
30441,30442,1141,26,1167
30442,30443,225,9,234
30443,30444,310,5,315
30444,30445,121,2,123
30445,30446,563,7,570
30446,30447,246,10,256
30447,30448,367,10,377
30448,30449,500,5,505
30449,30450,253,5,258
30450,30451,848,19,867
30451,30452,139,1,140
30452,30453,127,0,127
30453,30454,164,2,166
30454,30455,113,3,116
30455,30456,336,7,343
30456,30457,135,2,137
30457,30458,485,21,506
30458,30459,120,30,150
30459,30460,84,1,85
30460,30461,76,4,80
30461,30462,211,3,214
30462,30463,1939,23,1962
30463,30464,60,2,62
30464,30465,276,6,282
30465,30466,8683,325,9008
30466,30467,171,2,173
30467,30468,212,33,245
30468,30469,1131,22,1153
30469,30470,323,5,328
30470,30471,720,8,728
30471,30472,98,1,99
30472,30473,235,6,241
30473,30474,461,8,469
30474,30475,207,2,209
30475,30476,150,4,154
30476,30477,53,0,53
30477,30478,98,0,98
30478,30479,77,1,78
30479,30480,161,3,164
30480,30481,898,8,906
30481,30482,504,8,512
30482,30483,35,0,35
30483,30484,384,10,394
30484,30485,72,0,72
30485,30486,354,13,367
30486,30487,1054,29,1083
30487,30488,506,8,514
30488,30489,84,2,86
30489,30490,96,3,99
30490,30491,62,2,64
30491,30492,177,6,183
30492,30493,157,0,157
30493,30494,558,19,577
30494,30495,6080,111,6191
30495,30496,1355,31,1386
30496,30497,2064,32,2096
30497,30498,342,4,346
30498,30499,7181,89,7270
30499,30500,1321,30,1351
30500,30501,3965,60,4025
30501,30502,413,5,418
30502,30503,274,5,279
30503,30504,90,3,93
30504,30505,2537,51,2588
30505,30506,1023,9,1032
30506,30507,52795,221,53016
30507,30508,537,9,546
30508,30509,268,8,276
30509,30510,987,83,1070
30510,30511,349,8,357
30511,30512,252,3,255
30512,30513,585,11,596
30513,30514,101,4,105
30514,30515,454,8,462
30515,30516,117,5,122
30516,30517,17,3,20
30517,30518,489,10,499
30518,30519,16456,219,16675
30519,30520,324,6,330
30520,30521,113,1,114
30521,30522,201,12,213
30522,30523,609,5,614
30523,30524,1007,20,1027
30524,30525,11492,118,11610
30525,30526,188,13,201
30526,30527,625,14,639
30527,30528,1166,26,1192
30528,30529,540,8,548
30529,30530,898,14,912
30530,30531,128,4,132
30531,30532,83,2,85
30532,30533,84,1,85
30533,30534,108,0,108
30534,30535,297,4,301
30535,30536,168,10,178
30536,30537,193,0,193
30537,30538,418,7,425
30538,30539,1086,19,1105
30539,30540,1227,30,1257
30540,30541,55,1,56
30541,30542,74,1,75
30542,30543,160,1,161
30543,30544,624,14,638
30544,30545,75,1,76
30545,30546,11101,159,11260
30546,30547,80,3,83
30547,30548,70,2,72
30548,30549,60,1,61
30549,30550,44,3,47
30550,30551,682,18,700
30551,30552,307,11,318
30552,30553,372,7,379
30553,30554,267,7,274
30554,30555,232,3,235
30555,30556,3926,81,4007
30556,30557,74,5,79
30557,30558,56,2,58
30558,30559,5010,67,5077
30559,30560,312,9,321
30560,30561,306,6,312
30561,30562,532,6,538
30562,30563,542,6,548
30563,30564,56,0,56
30564,30565,788,20,808
30565,30566,322,7,329
30566,30567,322,3,325
30567,30568,39,0,39
30568,30569,525,9,534
30569,30570,158,3,161
30570,30571,65,0,65
30571,30572,88,0,88
30572,30573,443,8,451
30573,30574,168,0,168
30574,30575,2051,29,2080
30575,30576,29,0,29
30576,30577,326,2,328
30577,30578,1303,25,1328
30578,30579,4123,53,4176
30579,30580,959,68,1027
30580,30581,267,4,271
30581,30582,743,14,757
30582,30583,896,10,906
30583,30584,39,1,40
30584,30585,8973,105,9078
30585,30586,1192,17,1209
30586,30587,632,22,654
30587,30588,133,2,135
30588,30589,509,18,527
30589,30590,214,1,215
30590,30591,233,17,250
30591,30592,650,15,665
30592,30593,858,21,879
30593,30594,544,9,553
30594,30595,512,15,527
30595,30596,11383,368,11751
30596,30597,6423,118,6541
30597,30598,3919,44,3963
30598,30599,163,4,167
30599,30600,161,4,165
30600,30601,49,1,50
30601,30602,72,7,79
30602,30603,280,5,285
30603,30604,948,21,969
30604,30605,561,6,567
30605,30606,1744,26,1770
30606,30607,8582,151,8733
30607,30608,149,0,149
30608,30609,352,4,356
30609,30610,486,9,495
30610,30611,385,16,401
30611,30612,132,2,134
30612,30613,302,2,304
30613,30614,120,0,120
30614,30615,104,1,105
30615,30616,519,6,525
30616,30617,121,0,121
30617,30618,125,1,126
30618,30619,153,1,154
30619,30620,294,6,300
30620,30621,82,0,82
30621,30622,2976,54,3030
30622,30623,93,0,93
30623,30624,71,1,72
30624,30625,62,1,63
30625,30626,243,6,249
30626,30627,236,3,239
30627,30628,455,12,467
30628,30629,80,4,84
30629,30630,358,5,363
30630,30631,33,0,33
30631,30632,123,0,123
30632,30633,204,4,208
30633,30634,151,2,153
30634,30635,160,3,163
30635,30636,207,5,212
30636,30637,413,18,431
30637,30638,713,17,730
30638,30639,4628,178,4806
30639,30640,161,1,162
30640,30641,2846,37,2883
30641,30642,236,10,246
30642,30643,1013,18,1031
30643,30644,18940,302,19242
30644,30645,6423,84,6507
30645,30646,2249,59,2308
30646,30647,2410,37,2447
30647,30648,488,5,493
30648,30649,1098,21,1119
30649,30650,118,1,119
30650,30651,746,20,766
30651,30652,569,12,581
30652,30653,5971,69,6040
30653,30654,333,8,341
30654,30655,936,17,953
30655,30656,453,11,464
30656,30657,800,11,811
30657,30658,2315,39,2354
30658,30659,1564,21,1585
30659,30660,558,12,570
30660,30661,8479,44,8523
30661,30662,2436,24,2460
30662,30663,285,4,289
30663,30664,142,7,149
30664,30665,127,2,129
30665,30666,376,5,381
30666,30667,1772,22,1794
30667,30668,2723,81,2804
30668,30669,478,12,490
30669,30670,97,1,98
30670,30671,696,9,705
30671,30672,1122,27,1149
30672,30673,15856,642,16498
30673,30674,1052,16,1068
30674,30675,8400,184,8584
30675,30676,2702,86,2788
30676,30677,817,16,833
30677,30678,2884,62,2946
30678,30679,52,0,52
30679,30680,522,7,529
30680,30681,127,3,130
30681,30682,1378,17,1395
30682,30683,877,15,892
30683,30684,256,8,264
30684,30685,1953,39,1992
30685,30686,205,4,209
30686,30687,47,1,48
30687,30688,732,16,748
30688,30689,301,7,308
30689,30690,1759,200,1959
30690,30691,1017,17,1034
30691,30692,523,4,527
30692,30693,5407,137,5544
30693,30694,267,5,272
30694,30695,584,40,624
30695,30696,258,3,261
30696,30697,234,2,236
30697,30698,956,33,989
30698,30699,574,10,584
30699,30700,226,2,228
30700,30701,228,4,232
30701,30702,343,6,349
30702,30703,528,10,538
30703,30704,593,18,611
30704,30705,2512,46,2558
30705,30706,124,0,124
30706,30707,832,14,846
30707,30708,1795,14,1809
30708,30709,209,5,214
30709,30710,377,8,385
30710,30711,770,21,791
30711,30712,1135,26,1161
30712,30713,1645,36,1681
30713,30714,3813,53,3866
30714,30715,342,11,353
30715,30716,1664,83,1747
30716,30717,1073,9,1082
30717,30718,755,20,775
30718,30719,464,6,470
30719,30720,236,2,238
30720,30721,634,14,648
30721,30722,58,1,59
30722,30723,138,5,143
30723,30724,95,1,96
30724,30725,61,1,62
30725,30726,1009,173,1182
30726,30727,1020,9,1029
30727,30728,657,4,661
30728,30729,159,7,166
30729,30730,740,24,764
30730,30731,489,13,502
30731,30732,287,4,291
30732,30733,306,3,309
30733,30734,374,7,381
30734,30735,453,16,469
30735,30736,206,2,208
30736,30737,82,4,86
30737,30738,16942,964,17906
30738,30739,280,6,286
30739,30740,4808,67,4875
30740,30741,1060,8,1068
30741,30742,42,2,44
30742,30743,142,7,149
30743,30744,479,12,491
30744,30745,300,5,305
30745,30746,219,22,241
30746,30747,3658,71,3729
30747,30748,604,8,612
30748,30749,549,14,563
30749,30750,1258,22,1280
30750,30751,193,5,198
30751,30752,447,12,459
30752,30753,517,7,524
30753,30754,65,4,69
30754,30755,173,2,175
30755,30756,1528,24,1552
30756,30757,257,7,264
30757,30758,151,6,157
30758,30759,306,8,314
30759,30760,1815,50,1865
30760,30761,108,0,108
30761,30762,115,5,120
30762,30763,1693,14,1707
30763,30764,191,5,196
30764,30765,5308,76,5384
30765,30766,806,24,830
30766,30767,323,2,325
30767,30768,516,14,530
30768,30769,168,3,171
30769,30770,522,14,536
30770,30771,413,5,418
30771,30772,483,4,487
30772,30773,2483,55,2538
30773,30774,114,3,117
30774,30775,1100,30,1130
30775,30776,152,0,152
30776,30777,4765,41,4806
30777,30778,1255,25,1280
30778,30779,8169,146,8315
30779,30780,189,1,190
30780,30781,4999,56,5055
30781,30782,673,21,694
30782,30783,86,5,91
30783,30784,1993,39,2032
30784,30785,303,11,314
30785,30786,262,7,269
30786,30787,362,11,373
30787,30788,28,0,28
30788,30789,104,1,105
30789,30790,126,4,130
30790,30791,120,1,121
30791,30792,594,64,658
30792,30793,593,15,608
30793,30794,3059,35,3094
30794,30795,1450,46,1496
30795,30796,236,10,246
30796,30797,99,5,104
30797,30798,7614,364,7978
30798,30799,206,8,214
30799,30800,129,0,129
30800,30801,117,4,121
30801,30802,236,3,239
30802,30803,4707,115,4822
30803,30804,3204,21,3225
30804,30805,128,0,128
30805,30806,127,2,129
30806,30807,326,6,332
30807,30808,474,11,485
30808,30809,15980,372,16352
30809,30810,258,2,260
30810,30811,4881,217,5098
30811,30812,193,6,199
30812,30813,328,6,334
30813,30814,471,11,482
30814,30815,413,17,430
30815,30816,2252,68,2320
30816,30817,1397,24,1421
30817,30818,155,4,159
30818,30819,1270,21,1291
30819,30820,60,1,61
30820,30821,170,0,170
30821,30822,141,1,142
30822,30823,65,1,66
30823,30824,23727,677,24404
30824,30825,54,1,55
30825,30826,2614,85,2699
30826,30827,94,3,97
30827,30828,631,6,637
30828,30829,2643,37,2680
30829,30830,2713,41,2754
30830,30831,10104,187,10291
30831,30832,313,4,317
30832,30833,573,13,586
30833,30834,1962,31,1993
30834,30835,211,2,213
30835,30836,241,7,248
30836,30837,152,4,156
30837,30838,1953,43,1996
30838,30839,2028,40,2068
30839,30840,652,6,658
30840,30841,598,4,602
30841,30842,447,26,473
30842,30843,66,1,67
30843,30844,169,3,172
30844,30845,109,2,111
30845,30846,2019,24,2043
30846,30847,3501,34,3535
30847,30848,819,17,836
30848,30849,918,31,949
30849,30850,95,2,97
30850,30851,81,0,81
30851,30852,281,4,285
30852,30853,56,0,56
30853,30854,480,7,487
30854,30855,969,25,994
30855,30856,476,11,487
30856,30857,7520,297,7817
30857,30858,712,75,787
30858,30859,14888,360,15248
30859,30860,389,4,393
30860,30861,896,32,928
30861,30862,233,0,233
30862,30863,1794,33,1827
30863,30864,230,5,235
30864,30865,247,2,249
30865,30866,39,1,40
30866,30867,732,6,738
30867,30868,84808,2038,86846
30868,30869,472,10,482
30869,30870,500,8,508
30870,30871,192,5,197
30871,30872,103,4,107
30872,30873,49,4,53
30873,30874,460,7,467
30874,30875,417,14,431
30875,30876,3636,54,3690
30876,30877,2157,69,2226
30877,30878,835,12,847
30878,30879,8238,82,8320
30879,30880,286,4,290
30880,30881,1070,21,1091
30881,30882,2262,27,2289
30882,30883,2818,38,2856
30883,30884,510,10,520
30884,30885,3258,32,3290
30885,30886,95,3,98
30886,30887,52,1,53
30887,30888,590,14,604
30888,30889,569,5,574
30889,30890,620,11,631
30890,30891,230,1,231
30891,30892,1314,22,1336
30892,30893,537,10,547
30893,30894,2491,54,2545
30894,30895,25541,599,26140
30895,30896,617,21,638
30896,30897,235,2,237
30897,30898,133,4,137
30898,30899,2587,96,2683
30899,30900,504,8,512
30900,30901,1047,8,1055
30901,30902,961,23,984
30902,30903,813,27,840
30903,30904,134,1,135
30904,30905,101,2,103
30905,30906,481,11,492
30906,30907,245,8,253
30907,30908,719,23,742
30908,30909,310,7,317
30909,30910,187,9,196
30910,30911,223,5,228
30911,30912,2851,32,2883
30912,30913,554,10,564
30913,30914,238,3,241
30914,30915,259,6,265
30915,30916,737,4,741
30916,30917,14914,749,15663
30917,30918,1990,62,2052
30918,30919,1379,21,1400
30919,30920,28,1,29
30920,30921,46,0,46
30921,30922,376,8,384
30922,30923,157,7,164
30923,30924,550,14,564
30924,30925,271,6,277
30925,30926,1433,26,1459
30926,30927,215,2,217
30927,30928,201,3,204
30928,30929,3452,102,3554
30929,30930,288,12,300
30930,30931,148,3,151
30931,30932,5952,136,6088
30932,30933,3216,144,3360
30933,30934,2112,35,2147
30934,30935,1514,48,1562
30935,30936,3635,57,3692
30936,30937,137,1,138
30937,30938,2276,82,2358
30938,30939,343,8,351
30939,30940,231,22,253
30940,30941,242,10,252
30941,30942,75,1,76
30942,30943,330,15,345
30943,30944,273,13,286
30944,30945,125,4,129
30945,30946,6114,113,6227
30946,30947,1727,29,1756
30947,30948,77,1,78
30948,30949,266,0,266
30949,30950,98,2,100
30950,30951,529,13,542
30951,30952,424,48,472
30952,30953,183,3,186
30953,30954,87,3,90
30954,30955,531,39,570
30955,30956,39,1,40
30956,30957,995,15,1010
30957,30958,5194,73,5267
30958,30959,5717,65,5782
30959,30960,334,5,339
30960,30961,418,7,425
30961,30962,600,19,619
30962,30963,283,5,288
30963,30964,2510,55,2565
30964,30965,3546,61,3607
30965,30966,215,5,220
30966,30967,116,1,117
30967,30968,4843,268,5111
30968,30969,3373,28,3401
30969,30970,5189,99,5288
30970,30971,546,3,549
30971,30972,185,3,188
30972,30973,1618,18,1636
30973,30974,1838,36,1874
30974,30975,1283,105,1388
30975,30976,343,14,357
30976,30977,83,0,83
30977,30978,207,4,211
30978,30979,24980,322,25302
30979,30980,295,8,303
30980,30981,889,14,903
30981,30982,149,7,156
30982,30983,317,5,322
30983,30984,261,10,271
30984,30985,1327,27,1354
30985,30986,607,7,614
30986,30987,1054,13,1067
30987,30988,716,19,735
30988,30989,72,0,72
30989,30990,88,3,91
30990,30991,99,0,99
30991,30992,179,4,183
30992,30993,180,0,180
30993,30994,12616,144,12760
30994,30995,84,1,85
30995,30996,204,4,208
30996,30997,595,17,612
30997,30998,112,1,113
30998,30999,243,9,252
30999,31000,209,1,210
31000,31001,344,6,350
31001,31002,381,10,391
31002,31003,1167,37,1204
31003,31004,805,19,824
31004,31005,1168,37,1205
31005,31006,1420,11,1431
31006,31007,635,26,661
31007,31008,632,8,640
31008,31009,244,3,247
31009,31010,108,4,112
31010,31011,4010,75,4085
31011,31012,692,20,712
31012,31013,129,2,131
31013,31014,172,1,173
31014,31015,297,2,299
31015,31016,511,11,522
31016,31017,505,10,515
31017,31018,325,10,335
31018,31019,86,1,87
31019,31020,1420,34,1454
31020,31021,224,5,229
31021,31022,271,12,283
31022,31023,210,3,213
31023,31024,166,2,168
31024,31025,385,8,393
31025,31026,179,4,183
31026,31027,1421,48,1469
31027,31028,67,0,67
31028,31029,1221,19,1240
31029,31030,504,7,511
31030,31031,1105,21,1126
31031,31032,29993,341,30334
31032,31033,379,6,385
31033,31034,299,4,303
31034,31035,1939,44,1983
31035,31036,173,7,180
31036,31037,517,10,527
31037,31038,641,18,659
31038,31039,124,2,126
31039,31040,98,6,104
31040,31041,288,5,293
31041,31042,121,3,124
31042,31043,230,4,234
31043,31044,25464,522,25986
31044,31045,407,9,416
31045,31046,1414,20,1434
31046,31047,734,18,752
31047,31048,274,10,284
31048,31049,269,0,269
31049,31050,455,15,470
31050,31051,108,8,116
31051,31052,678,8,686
31052,31053,2512,42,2554
31053,31054,1614,22,1636
31054,31055,74,1,75
31055,31056,189,4,193
31056,31057,2793,54,2847
31057,31058,86,1,87
31058,31059,10465,51,10516
31059,31060,693,22,715
31060,31061,1842,31,1873
31061,31062,7110,190,7300
31062,31063,248,8,256
31063,31064,757,11,768
31064,31065,635,7,642
31065,31066,314,6,320
31066,31067,196,4,200
31067,31068,48,0,48
31068,31069,881,6,887
31069,31070,553,6,559
31070,31071,109,2,111
31071,31072,2815,51,2866
31072,31073,317,2,319
31073,31074,1245,6,1251
31074,31075,305,7,312
31075,31076,40,1,41
31076,31077,457,7,464
31077,31078,25,1,26
31078,31079,8547,126,8673
31079,31080,313,5,318
31080,31081,1255,29,1284
31081,31082,144,4,148
31082,31083,164,2,166
31083,31084,846,18,864
31084,31085,868,13,881
31085,31086,2338,34,2372
31086,31087,195,4,199
31087,31088,295,9,304
31088,31089,144,0,144
31089,31090,215,8,223
31090,31091,307,0,307
31091,31092,433,6,439
31092,31093,458,22,480
31093,31094,67,4,71
31094,31095,82,4,86
31095,31096,235,2,237
31096,31097,1555,94,1649
31097,31098,272,3,275
31098,31099,6175,130,6305
31099,31100,31394,181,31575
31100,31101,105,1,106
31101,31102,973,81,1054
31102,31103,2025,25,2050
31103,31104,62,0,62
31104,31105,951,49,1000
31105,31106,165,9,174
31106,31107,535,9,544
31107,31108,503,12,515
31108,31109,233,0,233
31109,31110,1309,36,1345
31110,31111,717,21,738
31111,31112,2126,38,2164
31112,31113,1083,22,1105
31113,31114,99,3,102
31114,31115,931,31,962
31115,31116,461,6,467
31116,31117,137,3,140
31117,31118,1741,34,1775
31118,31119,298,4,302
31119,31120,154,1,155
31120,31121,1239,21,1260
31121,31122,581,12,593
31122,31123,5487,43,5530
31123,31124,265,2,267
31124,31125,602,4,606
31125,31126,366,13,379
31126,31127,107,4,111
31127,31128,215,3,218
31128,31129,4421,95,4516
31129,31130,2528,60,2588
31130,31131,252,6,258
31131,31132,148,5,153
31132,31133,539,14,553
31133,31134,2738,42,2780
31134,31135,144,2,146
31135,31136,1048,9,1057
31136,31137,775,8,783
31137,31138,707,21,728
31138,31139,1033,11,1044
31139,31140,286,12,298
31140,31141,986,17,1003
31141,31142,286,8,294
31142,31143,906,19,925
31143,31144,303,4,307
31144,31145,306,5,311
31145,31146,1120,26,1146
31146,31147,1133,37,1170
31147,31148,135,1,136
31148,31149,389,5,394
31149,31150,407,8,415
31150,31151,42,3,45
31151,31152,124,0,124
31152,31153,1477,53,1530
31153,31154,294,13,307
31154,31155,24,1,25
31155,31156,905,19,924
31156,31157,7249,105,7354
31157,31158,457,8,465
31158,31159,28,3,31
31159,31160,57,0,57
31160,31161,40,1,41
31161,31162,403,12,415
31162,31163,615,20,635
31163,31164,290,4,294
31164,31165,261,5,266
31165,31166,4234,225,4459
31166,31167,705,27,732
31167,31168,55,0,55
31168,31169,503,11,514
31169,31170,391,6,397
31170,31171,252,9,261
31171,31172,116,2,118
31172,31173,139,5,144
31173,31174,853,25,878
31174,31175,790,13,803
31175,31176,536,14,550
31176,31177,360,15,375
31177,31178,193,8,201
31178,31179,454,9,463
31179,31180,249,5,254
31180,31181,113,4,117
31181,31182,280,3,283
31182,31183,79,1,80
31183,31184,69,1,70
31184,31185,575,12,587
31185,31186,168,7,175
31186,31187,191,1,192
31187,31188,179,5,184
31188,31189,232,9,241
31189,31190,4978,95,5073
31190,31191,441,6,447
31191,31192,353,6,359
31192,31193,347,8,355
31193,31194,776,3,779
31194,31195,249,5,254
31195,31196,98,0,98
31196,31197,1211,39,1250
31197,31198,1007,21,1028
31198,31199,1578,32,1610
31199,31200,63,0,63
31200,31201,127,0,127
31201,31202,3347,126,3473
31202,31203,758,16,774
31203,31204,401,9,410
31204,31205,683,5,688
31205,31206,242,6,248
31206,31207,862,26,888
31207,31208,82,1,83
31208,31209,271,3,274
31209,31210,191,4,195
31210,31211,11225,302,11527
31211,31212,33,1,34
31212,31213,49,1,50
31213,31214,209,5,214
31214,31215,3328,87,3415
31215,31216,336,7,343
31216,31217,146,1,147
31217,31218,933,10,943
31218,31219,281,46,327
31219,31220,648,6,654
31220,31221,594,8,602
31221,31222,120,2,122
31222,31223,9050,119,9169
31223,31224,469,42,511
31224,31225,1179,20,1199
31225,31226,960,12,972
31226,31227,266,3,269
31227,31228,204,7,211
31228,31229,142,2,144
31229,31230,541,11,552
31230,31231,802,33,835
31231,31232,524,13,537
31232,31233,82,1,83
31233,31234,280,5,285
31234,31235,100,5,105
31235,31236,213,1,214
31236,31237,297,9,306
31237,31238,2463,80,2543
31238,31239,316,3,319
31239,31240,135,3,138
31240,31241,1437,32,1469
31241,31242,92,2,94
31242,31243,396,7,403
31243,31244,1815,35,1850
31244,31245,1196,17,1213
31245,31246,717,19,736
31246,31247,15,0,15
31247,31248,65,5,70
31248,31249,10466,165,10631
31249,31250,627,22,649
31250,31251,301,3,304
31251,31252,125,0,125
31252,31253,107,3,110
31253,31254,1322,36,1358
31254,31255,1368,35,1403
31255,31256,468,9,477
31256,31257,84,0,84
31257,31258,719,17,736
31258,31259,340,7,347
31259,31260,260,8,268
31260,31261,881,19,900
31261,31262,942,20,962
31262,31263,250,4,254
31263,31264,380,13,393
31264,31265,415,8,423
31265,31266,840,20,860
31266,31267,252,4,256
31267,31268,726,22,748
31268,31269,57,1,58
31269,31270,11779,65,11844
31270,31271,1466,28,1494
31271,31272,534,8,542
31272,31273,562,11,573
31273,31274,397,5,402
31274,31275,3852,67,3919
31275,31276,214,6,220
31276,31277,2687,47,2734
31277,31278,2278,17,2295
31278,31279,348,15,363
31279,31280,119,2,121
31280,31281,1329,31,1360
31281,31282,982,11,993
31282,31283,1126,30,1156
31283,31284,159,1,160
31284,31285,26,0,26
31285,31286,159,4,163
31286,31287,222,5,227
31287,31288,18835,271,19106
31288,31289,85,1,86
31289,31290,123,5,128
31290,31291,1248,30,1278
31291,31292,1283,37,1320
31292,31293,210,5,215
31293,31294,4806,65,4871
31294,31295,972,18,990
31295,31296,692,26,718
31296,31297,11602,551,12153
31297,31298,676,12,688
31298,31299,389,1,390
31299,31300,17,1,18
31300,31301,2657,66,2723
31301,31302,5033,35,5068
31302,31303,36291,419,36710
31303,31304,133,4,137
31304,31305,422,9,431
31305,31306,76,5,81
31306,31307,1684,54,1738
31307,31308,348,16,364
31308,31309,219,4,223
31309,31310,214,4,218
31310,31311,1177,23,1200
31311,31312,107,1,108
31312,31313,1250,24,1274
31313,31314,319,4,323
31314,31315,983,18,1001
31315,31316,442,9,451
31316,31317,338,1,339
31317,31318,55208,243,55451
31318,31319,2425,18,2443
31319,31320,3356,86,3442
31320,31321,588,3,591
31321,31322,397,15,412
31322,31323,302,8,310
31323,31324,3248,36,3284
31324,31325,1780,61,1841
31325,31326,124,5,129
31326,31327,779,13,792
31327,31328,252,7,259
31328,31329,419,12,431
31329,31330,148,2,150
31330,31331,6782,367,7149
31331,31332,668,8,676
31332,31333,273,4,277
31333,31334,385,5,390
31334,31335,1111,17,1128
31335,31336,1083,25,1108
31336,31337,1375,32,1407
31337,31338,112,2,114
31338,31339,255,4,259
31339,31340,782,10,792
31340,31341,245,9,254
31341,31342,1688,31,1719
31342,31343,1820,69,1889
31343,31344,204,6,210
31344,31345,7058,90,7148
31345,31346,1390,24,1414
31346,31347,30405,185,30590
31347,31348,1022,31,1053
31348,31349,186,3,189
31349,31350,201,9,210
31350,31351,117,0,117
31351,31352,102,7,109
31352,31353,615,21,636
31353,31354,4469,80,4549
31354,31355,484,8,492
31355,31356,753,13,766
31356,31357,60,1,61
31357,31358,6034,88,6122
31358,31359,575,6,581
31359,31360,192,5,197
31360,31361,2726,30,2756
31361,31362,410,6,416
31362,31363,316,6,322
31363,31364,36754,205,36959
31364,31365,348,6,354
31365,31366,64,4,68
31366,31367,101,2,103
31367,31368,166,9,175
31368,31369,1548,37,1585
31369,31370,63,2,65
31370,31371,16285,236,16521
31371,31372,561,3,564
31372,31373,976,17,993
31373,31374,323,11,334
31374,31375,982,4,986
31375,31376,34890,102,34992
31376,31377,2549,44,2593
31377,31378,254,4,258
31378,31379,122,5,127
31379,31380,10050,126,10176
31380,31381,184,2,186
31381,31382,285,15,300
31382,31383,227,36,263
31383,31384,61957,656,62613
31384,31385,85,1,86
31385,31386,89,2,91
31386,31387,965,19,984
31387,31388,3001,115,3116
31388,31389,315,5,320
31389,31390,1160,30,1190
31390,31391,2436,46,2482
31391,31392,1790,42,1832
31392,31393,3977,67,4044
31393,31394,155,4,159
31394,31395,769,15,784
31395,31396,167,2,169
31396,31397,2191,38,2229
31397,31398,4962,88,5050
31398,31399,1112,19,1131
31399,31400,1359,42,1401
31400,31401,739,15,754
31401,31402,318,0,318
31402,31403,24097,86,24183
31403,31404,3515,46,3561
31404,31405,283,3,286
31405,31406,1372,25,1397
31406,31407,1816,36,1852
31407,31408,21679,96,21775
31408,31409,610,7,617
31409,31410,526,4,530
31410,31411,248,7,255
31411,31412,296,3,299
31412,31413,1165,22,1187
31413,31414,12216,401,12617
31414,31415,1627,12,1639
31415,31416,4102,53,4155
31416,31417,141,2,143
31417,31418,10344,121,10465
31418,31419,322,10,332
31419,31420,96,2,98
31420,31421,645,0,645
31421,31422,301,9,310
31422,31423,2751,39,2790
31423,31424,1073,16,1089
31424,31425,604,7,611
31425,31426,1129,12,1141
31426,31427,420,6,426
31427,31428,200,6,206
31428,31429,294,5,299
31429,31430,21742,683,22425
31430,31431,664,17,681
31431,31432,493,14,507
31432,31433,5165,85,5250
31433,31434,69,3,72
31434,31435,5292,167,5459
31435,31436,1431,19,1450
31436,31437,4975,34,5009
31437,31438,873,6,879
31438,31439,484,4,488
31439,31440,185,1,186
31440,31441,26580,98,26678
31441,31442,195,4,199
31442,31443,107,1,108
31443,31444,1074,7,1081
31444,31445,321,1,322
31445,31446,1276,25,1301
31446,31447,150,5,155
31447,31448,682,14,696
31448,31449,11003,205,11208
31449,31450,656,24,680
31450,31451,464,9,473
31451,31452,186,3,189
31452,31453,507,12,519
31453,31454,810,16,826
31454,31455,1046,15,1061
31455,31456,5030,142,5172
31456,31457,63,2,65
31457,31458,1342,32,1374
31458,31459,391,8,399
31459,31460,236,0,236
31460,31461,1506,14,1520
31461,31462,154,6,160
31462,31463,182,6,188
31463,31464,46,2,48
31464,31465,589,13,602
31465,31466,69,3,72
31466,31467,912,23,935
31467,31468,1435,53,1488
31468,31469,165,2,167
31469,31470,4592,56,4648
31470,31471,366,4,370
31471,31472,259,1,260
31472,31473,143,7,150
31473,31474,740,22,762
31474,31475,330,4,334
31475,31476,123,0,123
31476,31477,126,1,127
31477,31478,130,9,139
31478,31479,10424,417,10841
31479,31480,678,10,688
31480,31481,557,9,566
31481,31482,296,15,311
31482,31483,148,3,151
31483,31484,691,4,695
31484,31485,207,6,213
31485,31486,501,12,513
31486,31487,2142,26,2168
31487,31488,52,2,54
31488,31489,86,3,89
31489,31490,396,4,400
31490,31491,1287,21,1308
31491,31492,232,2,234
31492,31493,126,5,131
31493,31494,466,18,484
31494,31495,430,17,447
31495,31496,708,38,746
31496,31497,394,16,410
31497,31498,221,8,229
31498,31499,6434,64,6498
31499,31500,1012,9,1021
31500,31501,3568,71,3639
31501,31502,121,3,124
31502,31503,1008,11,1019
31503,31504,218,1,219
31504,31505,159,6,165
31505,31506,57,4,61
31506,31507,118,1,119
31507,31508,146,2,148
31508,31509,599,10,609
31509,31510,255,1,256
31510,31511,661,6,667
31511,31512,330,5,335
31512,31513,246,6,252
31513,31514,131,4,135
31514,31515,138,3,141
31515,31516,51,5,56
31516,31517,108,0,108
31517,31518,418,7,425
31518,31519,237,6,243
31519,31520,490,10,500
31520,31521,1187,17,1204
31521,31522,170,0,170
31522,31523,311,1,312
31523,31524,261,4,265
31524,31525,551,19,570
31525,31526,52,1,53
31526,31527,385,9,394
31527,31528,1525,37,1562
31528,31529,154,3,157
31529,31530,264,8,272
31530,31531,5188,116,5304
31531,31532,117,1,118
31532,31533,252,8,260
31533,31534,237,3,240
31534,31535,196,2,198
31535,31536,215,1,216
31536,31537,1167,13,1180
31537,31538,257,5,262
31538,31539,162,0,162
31539,31540,310,16,326
31540,31541,80,4,84
31541,31542,143,1,144
31542,31543,14525,302,14827
31543,31544,275,0,275
31544,31545,179,5,184
31545,31546,304,5,309
31546,31547,212,3,215
31547,31548,188,2,190
31548,31549,210,3,213
31549,31550,79,3,82
31550,31551,339,7,346
31551,31552,2318,57,2375
31552,31553,372,9,381
31553,31554,471,8,479
31554,31555,253,5,258
31555,31556,161,1,162
31556,31557,1390,58,1448
31557,31558,531,6,537
31558,31559,2543,58,2601
31559,31560,306,3,309
31560,31561,79,3,82
31561,31562,200,5,205
31562,31563,134,9,143
31563,31564,105,3,108
31564,31565,863,19,882
31565,31566,1765,19,1784
31566,31567,42,3,45
31567,31568,1423,108,1531
31568,31569,10003,108,10111
31569,31570,593,13,606
31570,31571,272,3,275
31571,31572,1283,32,1315
31572,31573,389,8,397
31573,31574,1284,34,1318
31574,31575,425,4,429
31575,31576,207,6,213
31576,31577,388,6,394
31577,31578,174,2,176
31578,31579,400,8,408
31579,31580,395,16,411
31580,31581,370,2,372
31581,31582,911,17,928
31582,31583,13574,82,13656
31583,31584,1467,43,1510
31584,31585,819,14,833
31585,31586,459,6,465
31586,31587,921,22,943
31587,31588,35,3,38
31588,31589,321,4,325
31589,31590,183,1,184
31590,31591,5113,89,5202
31591,31592,1920,31,1951
31592,31593,392,7,399
31593,31594,775,13,788
31594,31595,759,14,773
31595,31596,248,3,251
31596,31597,161,6,167
31597,31598,152212,1082,153294
31598,31599,419,59,478
31599,31600,2137,13,2150
31600,31601,203,5,208
31601,31602,3859,68,3927
31602,31603,1791,35,1826
31603,31604,712,20,732
31604,31605,1184,28,1212
31605,31606,208,6,214
31606,31607,201,1,202
31607,31608,272,3,275
31608,31609,1032,22,1054
31609,31610,415,8,423
31610,31611,266,7,273
31611,31612,314,15,329
31612,31613,281,6,287
31613,31614,168,2,170
31614,31615,861,11,872
31615,31616,1087,22,1109
31616,31617,110,1,111
31617,31618,657,15,672
31618,31619,85,2,87
31619,31620,467,15,482
31620,31621,448,9,457
31621,31622,1166,11,1177
31622,31623,2906,161,3067
31623,31624,1189,25,1214
31624,31625,163,5,168
31625,31626,275,6,281
31626,31627,754,7,761
31627,31628,111,4,115
31628,31629,208,3,211
31629,31630,121,3,124
31630,31631,932,17,949
31631,31632,1498,36,1534
31632,31633,48,0,48
31633,31634,1793,31,1824
31634,31635,28423,117,28540
31635,31636,101,1,102
31636,31637,1212,17,1229
31637,31638,100,0,100
31638,31639,828,17,845
31639,31640,1335,28,1363
31640,31641,136,2,138
31641,31642,189,3,192
31642,31643,121,7,128
31643,31644,45,0,45
31644,31645,646,20,666
31645,31646,282,5,287
31646,31647,71,1,72
31647,31648,157,6,163
31648,31649,1120,58,1178
31649,31650,28895,119,29014
31650,31651,1935,46,1981
31651,31652,4600,39,4639
31652,31653,298,6,304
31653,31654,263,2,265
31654,31655,269,9,278
31655,31656,241,5,246
31656,31657,3717,67,3784
31657,31658,495,12,507
31658,31659,2137,114,2251
31659,31660,312,4,316
31660,31661,109,2,111
31661,31662,109,1,110
31662,31663,777,25,802
31663,31664,1100,21,1121
31664,31665,366,10,376
31665,31666,154,0,154
31666,31667,77,1,78
31667,31668,165,5,170
31668,31669,208,7,215
31669,31670,104,1,105
31670,31671,86,2,88
31671,31672,261,3,264
31672,31673,204,11,215
31673,31674,742,6,748
31674,31675,217,4,221
31675,31676,251,8,259
31676,31677,56,1,57
31677,31678,594,17,611
31678,31679,186,4,190
31679,31680,331,12,343
31680,31681,989,16,1005
31681,31682,269,10,279
31682,31683,201,2,203
31683,31684,1802,33,1835
31684,31685,267,15,282
31685,31686,61,1,62
31686,31687,226,8,234
31687,31688,346,9,355
31688,31689,1113,14,1127
31689,31690,249,5,254
31690,31691,2114,40,2154
31691,31692,817,15,832
31692,31693,1128,34,1162
31693,31694,3116,87,3203
31694,31695,522,6,528
31695,31696,4358,79,4437
31696,31697,254,3,257
31697,31698,383,2,385
31698,31699,2658,53,2711
31699,31700,58,1,59
31700,31701,549,5,554
31701,31702,308,10,318
31702,31703,292,6,298
31703,31704,49788,442,50230
31704,31705,399,2,401
31705,31706,2190,26,2216
31706,31707,156,3,159
31707,31708,277,5,282
31708,31709,116,1,117
31709,31710,254,5,259
31710,31711,1099,20,1119
31711,31712,110,2,112
31712,31713,149,5,154
31713,31714,5279,88,5367
31714,31715,170,7,177
31715,31716,8091,212,8303
31716,31717,1402,50,1452
31717,31718,1401,40,1441
31718,31719,574,4,578
31719,31720,222,2,224
31720,31721,1594,24,1618
31721,31722,292,9,301
31722,31723,4248,88,4336
31723,31724,963,15,978
31724,31725,1031,24,1055
31725,31726,359,3,362
31726,31727,844,23,867
31727,31728,466,3,469
31728,31729,2131,26,2157
31729,31730,160,7,167
31730,31731,728,16,744
31731,31732,3773,33,3806
31732,31733,1250,17,1267
31733,31734,67,0,67
31734,31735,206,4,210
31735,31736,1228,28,1256
31736,31737,1710,33,1743
31737,31738,151,2,153
31738,31739,1445,33,1478
31739,31740,395,6,401
31740,31741,114,2,116
31741,31742,294,8,302
31742,31743,156,4,160
31743,31744,245,6,251
31744,31745,783,24,807
31745,31746,124,5,129
31746,31747,1677,34,1711
31747,31748,16590,891,17481
31748,31749,349,31,380
31749,31750,107,6,113
31750,31751,491,6,497
31751,31752,1092,13,1105
31752,31753,1467,31,1498
31753,31754,1954,55,2009
31754,31755,1366,71,1437
31755,31756,605,10,615
31756,31757,82,3,85
31757,31758,6595,150,6745
31758,31759,442,20,462
31759,31760,1132,24,1156
31760,31761,637,20,657
31761,31762,1112,21,1133
31762,31763,1664,32,1696
31763,31764,268,5,273
31764,31765,293,6,299
31765,31766,16752,348,17100
31766,31767,294,4,298
31767,31768,498,9,507
31768,31769,330,17,347
31769,31770,1171,5,1176
31770,31771,766,10,776
31771,31772,351,3,354
31772,31773,5415,82,5497
31773,31774,30865,214,31079
31774,31775,1688,43,1731
31775,31776,1189,28,1217
31776,31777,195,6,201
31777,31778,649,15,664
31778,31779,1956,57,2013
31779,31780,516,9,525
31780,31781,32,2,34
31781,31782,178,2,180
31782,31783,351,10,361
31783,31784,477,12,489
31784,31785,39,3,42
31785,31786,306,10,316
31786,31787,67,1,68
31787,31788,838,17,855
31788,31789,360,6,366
31789,31790,741,7,748
31790,31791,559,13,572
31791,31792,269,6,275
31792,31793,506,8,514
31793,31794,270,6,276
31794,31795,231,4,235
31795,31796,344,8,352
31796,31797,282,4,286
31797,31798,195,3,198
31798,31799,290,5,295
31799,31800,395,9,404
31800,31801,33333,368,33701
31801,31802,164,5,169
31802,31803,80,4,84
31803,31804,2243,40,2283
31804,31805,4675,52,4727
31805,31806,1099,38,1137
31806,31807,22,0,22
31807,31808,830,24,854
31808,31809,382,9,391
31809,31810,221,5,226
31810,31811,11376,251,11627
31811,31812,204,4,208
31812,31813,423,8,431
31813,31814,3021,35,3056
31814,31815,95510,459,95969
31815,31816,18487,553,19040
31816,31817,87,1,88
31817,31818,1064,18,1082
31818,31819,653,7,660
31819,31820,4832,138,4970
31820,31821,348,7,355
31821,31822,382,4,386
31822,31823,128,6,134
31823,31824,135,1,136
31824,31825,4454,78,4532
31825,31826,1307,33,1340
31826,31827,680,21,701
31827,31828,224,5,229
31828,31829,428,5,433
31829,31830,178,0,178
31830,31831,405,9,414
31831,31832,52,1,53
31832,31833,2918,83,3001
31833,31834,122,1,123
31834,31835,2269,57,2326
31835,31836,202,3,205
31836,31837,226,5,231
31837,31838,1968,39,2007
31838,31839,37,0,37
31839,31840,125,3,128
31840,31841,665,19,684
31841,31842,1243,22,1265
31842,31843,391,12,403
31843,31844,146,0,146
31844,31845,947,22,969
31845,31846,4409,75,4484
31846,31847,2537,35,2572
31847,31848,175,4,179
31848,31849,102,4,106
31849,31850,7246,168,7414
31850,31851,132,5,137
31851,31852,94,2,96
31852,31853,269,1,270
31853,31854,339,10,349
31854,31855,141,4,145
31855,31856,356,3,359
31856,31857,628,2,630
31857,31858,196,3,199
31858,31859,639,13,652
31859,31860,1911,37,1948
31860,31861,1097,25,1122
31861,31862,74,0,74
31862,31863,1629,30,1659
31863,31864,146,6,152
31864,31865,46,1,47
31865,31866,204,6,210
31866,31867,516,10,526
31867,31868,253,3,256
31868,31869,30,1,31
31869,31870,576,17,593
31870,31871,330,12,342
31871,31872,80,0,80
31872,31873,20372,499,20871
31873,31874,119,3,122
31874,31875,275,5,280
31875,31876,1154,16,1170
31876,31877,277,2,279
31877,31878,509,18,527
31878,31879,10835,374,11209
31879,31880,234,10,244
31880,31881,164,3,167
31881,31882,770,23,793
31882,31883,1370,11,1381
31883,31884,563,6,569
31884,31885,632,23,655
31885,31886,2680,24,2704
31886,31887,351,3,354
31887,31888,300,9,309
31888,31889,720,16,736
31889,31890,2269,40,2309
31890,31891,566,12,578
31891,31892,777,21,798
31892,31893,943,18,961
31893,31894,57,0,57
31894,31895,1641,37,1678
31895,31896,358,7,365
31896,31897,2034,29,2063
31897,31898,33,0,33
31898,31899,4623,71,4694
31899,31900,3206,75,3281
31900,31901,259,3,262
31901,31902,71,3,74
31902,31903,15,0,15
31903,31904,218,3,221
31904,31905,342,5,347
31905,31906,71,2,73
31906,31907,3181,59,3240
31907,31908,841,16,857
31908,31909,9275,373,9648
31909,31910,1454,15,1469
31910,31911,375,8,383
31911,31912,601,11,612
31912,31913,243,7,250
31913,31914,591,17,608
31914,31915,184,6,190
31915,31916,339,9,348
31916,31917,232,2,234
31917,31918,225,6,231
31918,31919,58,0,58
31919,31920,192,1,193
31920,31921,171,5,176
31921,31922,45,1,46
31922,31923,1581,28,1609
31923,31924,151,1,152
31924,31925,328,2,330
31925,31926,379,9,388
31926,31927,644,11,655
31927,31928,258,2,260
31928,31929,231,3,234
31929,31930,3345,101,3446
31930,31931,753,10,763
31931,31932,3148,85,3233
31932,31933,276,11,287
31933,31934,1494,30,1524
31934,31935,242,4,246
31935,31936,1119,20,1139
31936,31937,471,7,478
31937,31938,356,7,363
31938,31939,316,12,328
31939,31940,1664,23,1687
31940,31941,391,5,396
31941,31942,6060,142,6202
31942,31943,2264,31,2295
31943,31944,1700,48,1748
31944,31945,3367,91,3458
31945,31946,484,10,494
31946,31947,204,6,210
31947,31948,1242,164,1406
31948,31949,411,6,417
31949,31950,44,2,46
31950,31951,86,0,86
31951,31952,924,15,939
31952,31953,880,49,929
31953,31954,3254,70,3324
31954,31955,132,4,136
31955,31956,153,5,158
31956,31957,575,9,584
31957,31958,811,8,819
31958,31959,587,10,597
31959,31960,4320,150,4470
31960,31961,1466,34,1500
31961,31962,291,5,296
31962,31963,686,9,695
31963,31964,202,1,203
31964,31965,555,11,566
31965,31966,312,5,317
31966,31967,591,7,598
31967,31968,458,11,469
31968,31969,139,3,142
31969,31970,97,3,100
31970,31971,92,2,94
31971,31972,728,5,733
31972,31973,454,18,472
31973,31974,1338,23,1361
31974,31975,174,2,176
31975,31976,94,0,94
31976,31977,163,2,165
31977,31978,3572,76,3648
31978,31979,319,8,327
31979,31980,815,16,831
31980,31981,34,1,35
31981,31982,104,0,104
31982,31983,836,26,862
31983,31984,260,3,263
31984,31985,27,0,27
31985,31986,129,2,131
31986,31987,614,8,622
31987,31988,351,4,355
31988,31989,449,9,458
31989,31990,1615,25,1640
31990,31991,735,13,748
31991,31992,637,23,660
31992,31993,42,1,43
31993,31994,227,3,230
31994,31995,66,0,66
31995,31996,2748,62,2810
31996,31997,1630,55,1685
31997,31998,31,2,33
31998,31999,22,0,22
31999,32000,152,5,157
32000,32001,130,1,131
32001,32002,704,16,720
32002,32003,81,0,81
32003,32004,428,16,444
32004,32005,188,3,191
32005,32006,124,1,125
32006,32007,52,5,57
32007,32008,141,6,147
32008,32009,180,4,184
32009,32010,107,3,110
32010,32011,91,0,91
32011,32012,1059,11,1070
32012,32013,23092,184,23276
32013,32014,133,0,133
32014,32015,205,2,207
32015,32016,2699,22,2721
32016,32017,209,2,211
32017,32018,67285,266,67551
32018,32019,759,20,779
32019,32020,1270,42,1312
32020,32021,766,15,781
32021,32022,923,10,933
32022,32023,219,3,222
32023,32024,946,14,960
32024,32025,877,28,905
32025,32026,33,2,35
32026,32027,4570,80,4650
32027,32028,116,3,119
32028,32029,9,0,9
32029,32030,664,14,678
32030,32031,2296,32,2328
32031,32032,57,0,57
32032,32033,1887,62,1949
32033,32034,47,2,49
32034,32035,399,7,406
32035,32036,89,1,90
32036,32037,233,3,236
32037,32038,99,4,103
32038,32039,884,19,903
32039,32040,9003,264,9267
32040,32041,660,22,682
32041,32042,1249,35,1284
32042,32043,52,2,54
32043,32044,119,1,120
32044,32045,418,4,422
32045,32046,796,9,805
32046,32047,1392,17,1409
32047,32048,986,23,1009
32048,32049,2142,35,2177
32049,32050,232,3,235
32050,32051,188,4,192
32051,32052,156,5,161
32052,32053,656,18,674
32053,32054,357,6,363
32054,32055,1816,102,1918
32055,32056,617,6,623
32056,32057,585,6,591
32057,32058,477,15,492
32058,32059,156,6,162
32059,32060,417,19,436
32060,32061,1547,28,1575
32061,32062,438,15,453
32062,32063,280,9,289
32063,32064,269,7,276
32064,32065,459,5,464
32065,32066,131,1,132
32066,32067,2636,40,2676
32067,32068,491,17,508
32068,32069,599,1,600
32069,32070,259,6,265
32070,32071,1083,32,1115
32071,32072,1029,24,1053
32072,32073,920,37,957
32073,32074,948,274,1222
32074,32075,129,1,130
32075,32076,632,9,641
32076,32077,405,6,411
32077,32078,1543,28,1571
32078,32079,568,9,577
32079,32080,504,2,506
32080,32081,807,12,819
32081,32082,880,21,901
32082,32083,2153,30,2183
32083,32084,5610,39,5649
32084,32085,282,7,289
32085,32086,794,20,814
32086,32087,438,13,451
32087,32088,1499,41,1540
32088,32089,243,7,250
32089,32090,514,17,531
32090,32091,665,8,673
32091,32092,59,2,61
32092,32093,363,6,369
32093,32094,256,1,257
32094,32095,165,5,170
32095,32096,10608,104,10712
32096,32097,233,5,238
32097,32098,342,8,350
32098,32099,642,10,652
32099,32100,1319,14,1333
32100,32101,670,11,681
32101,32102,1332,15,1347
32102,32103,1330,15,1345
32103,32104,716,15,731
32104,32105,184,7,191
32105,32106,1363,23,1386
32106,32107,47,1,48
32107,32108,84,3,87
32108,32109,1102,23,1125
32109,32110,767,11,778
32110,32111,1996,43,2039
32111,32112,581,17,598
32112,32113,134,2,136
32113,32114,159,5,164
32114,32115,753,10,763
32115,32116,1187,21,1208
32116,32117,379,7,386
32117,32118,233,3,236
32118,32119,2591,28,2619
32119,32120,237,2,239
32120,32121,385,16,401
32121,32122,143,2,145
32122,32123,134,10,144
32123,32124,321,3,324
32124,32125,595,4,599
32125,32126,20860,232,21092
32126,32127,5711,65,5776
32127,32128,471,11,482
32128,32129,955,16,971
32129,32130,2819,110,2929
32130,32131,379,6,385
32131,32132,102,0,102
32132,32133,2599,29,2628
32133,32134,15075,193,15268
32134,32135,240,5,245
32135,32136,40898,172,41070
32136,32137,1663,59,1722
32137,32138,1283,8,1291
32138,32139,428,5,433
32139,32140,195,0,195
32140,32141,1239,34,1273
32141,32142,1637,12,1649
32142,32143,409,1,410
32143,32144,51,3,54
32144,32145,7771,64,7835
32145,32146,7402,69,7471
32146,32147,653,4,657
32147,32148,320,5,325
32148,32149,450,3,453
32149,32150,546,7,553
32150,32151,2766,37,2803
32151,32152,521,8,529
32152,32153,248,3,251
32153,32154,254,4,258
32154,32155,771,15,786
32155,32156,587,12,599
32156,32157,5353,50,5403
32157,32158,637,7,644
32158,32159,992,19,1011
32159,32160,1636,26,1662
32160,32161,1571,18,1589
32161,32162,335,8,343
32162,32163,256,1,257
32163,32164,1745,64,1809
32164,32165,565,9,574
32165,32166,3398,35,3433
32166,32167,711,30,741
32167,32168,377,6,383
32168,32169,267,3,270
32169,32170,522,7,529
32170,32171,243,1,244
32171,32172,1178,21,1199
32172,32173,270,2,272
32173,32174,872,19,891
32174,32175,225,0,225
32175,32176,931,21,952
32176,32177,2855,33,2888
32177,32178,57,1,58
32178,32179,1242,35,1277
32179,32180,169,2,171
32180,32181,285,6,291
32181,32182,183,1,184
32182,32183,3048,40,3088
32183,32184,136,4,140
32184,32185,310,9,319
32185,32186,1780,39,1819
32186,32187,106,3,109
32187,32188,649,20,669
32188,32189,1548,36,1584
32189,32190,1088,18,1106
32190,32191,41,3,44
32191,32192,136,2,138
32192,32193,732,3,735
32193,32194,6343,162,6505
32194,32195,3987,80,4067
32195,32196,1057,21,1078
32196,32197,508,7,515
32197,32198,158,1,159
32198,32199,446,6,452
32199,32200,1585,21,1606
32200,32201,2330,42,2372
32201,32202,8756,64,8820
32202,32203,300,12,312
32203,32204,1313,23,1336
32204,32205,269,7,276
32205,32206,873,12,885
32206,32207,533,2,535
32207,32208,7853,408,8261
32208,32209,482,3,485
32209,32210,738,21,759
32210,32211,115,1,116
32211,32212,2089,29,2118
32212,32213,419,10,429
32213,32214,91,1,92
32214,32215,511,9,520
32215,32216,220,9,229
32216,32217,854,17,871
32217,32218,7487,213,7700
32218,32219,169,6,175
32219,32220,7133,69,7202
32220,32221,4971,74,5045
32221,32222,10362,137,10499
32222,32223,14776,111,14887
32223,32224,587,15,602
32224,32225,503,7,510
32225,32226,794,19,813
32226,32227,671,5,676
32227,32228,993,13,1006
32228,32229,2057,25,2082
32229,32230,765,17,782
32230,32231,881,13,894
32231,32232,3292,53,3345
32232,32233,189,5,194
32233,32234,791,17,808
32234,32235,123,2,125
32235,32236,1239,14,1253
32236,32237,14014,137,14151
32237,32238,67,0,67
32238,32239,380,4,384
32239,32240,1036,20,1056
32240,32241,4174,56,4230
32241,32242,346,10,356
32242,32243,317,4,321
32243,32244,443,11,454
32244,32245,969,13,982
32245,32246,5672,83,5755
32246,32247,2986,51,3037
32247,32248,201,4,205
32248,32249,799,16,815
32249,32250,60,1,61
32250,32251,317,4,321
32251,32252,330,7,337
32252,32253,296,6,302
32253,32254,718,26,744
32254,32255,1726,23,1749
32255,32256,144,2,146
32256,32257,398,11,409
32257,32258,232,3,235
32258,32259,254,4,258
32259,32260,159,1,160
32260,32261,156,3,159
32261,32262,111,1,112
32262,32263,732,9,741
32263,32264,111,4,115
32264,32265,561,7,568
32265,32266,2586,49,2635
32266,32267,966,7,973
32267,32268,443,3,446
32268,32269,107,3,110
32269,32270,270,7,277
32270,32271,98,1,99
32271,32272,1515,50,1565
32272,32273,112,0,112
32273,32274,310,3,313
32274,32275,129,1,130
32275,32276,103,1,104
32276,32277,91,2,93
32277,32278,1041,13,1054
32278,32279,245,5,250
32279,32280,2304,55,2359
32280,32281,1644,28,1672
32281,32282,3002,34,3036
32282,32283,598,14,612
32283,32284,29318,209,29527
32284,32285,2514,21,2535
32285,32286,4990,104,5094
32286,32287,1337,26,1363
32287,32288,776,17,793
32288,32289,1151,22,1173
32289,32290,575,11,586
32290,32291,498,9,507
32291,32292,551,10,561
32292,32293,93,3,96
32293,32294,220,7,227
32294,32295,904,19,923
32295,32296,726,15,741
32296,32297,576,9,585
32297,32298,240,8,248
32298,32299,1135,43,1178
32299,32300,652,17,669
32300,32301,154,3,157
32301,32302,392,7,399
32302,32303,668,8,676
32303,32304,7278,425,7703
32304,32305,4335,106,4441
32305,32306,434,5,439
32306,32307,17143,265,17408
32307,32308,640,7,647
32308,32309,127,1,128
32309,32310,602,5,607
32310,32311,1490,26,1516
32311,32312,11448,222,11670
32312,32313,1182,31,1213
32313,32314,777,18,795
32314,32315,525,8,533
32315,32316,1129,16,1145
32316,32317,444,6,450
32317,32318,1067,19,1086
32318,32319,760,8,768
32319,32320,2838,23,2861
32320,32321,557,11,568
32321,32322,305,4,309
32322,32323,123,2,125
32323,32324,4261,133,4394
32324,32325,1766,24,1790
32325,32326,514,42,556
32326,32327,1813,30,1843
32327,32328,992,24,1016
32328,32329,12838,517,13355
32329,32330,1354,27,1381
32330,32331,269,0,269
32331,32332,381,13,394
32332,32333,953,1,954
32333,32334,698,17,715
32334,32335,1616,39,1655
32335,32336,54,9,63
32336,32337,1269,18,1287
32337,32338,379,4,383
32338,32339,144,1,145
32339,32340,63,1,64
32340,32341,1536,25,1561
32341,32342,249,3,252
32342,32343,203,3,206
32343,32344,320,8,328
32344,32345,812,12,824
32345,32346,228,6,234
32346,32347,844,20,864
32347,32348,225,2,227
32348,32349,129,5,134
32349,32350,289,5,294
32350,32351,267,4,271
32351,32352,2538,61,2599
32352,32353,837,25,862
32353,32354,1041,22,1063
32354,32355,707,6,713
32355,32356,77,4,81
32356,32357,748,13,761
32357,32358,249,2,251
32358,32359,46,2,48
32359,32360,2759,35,2794
32360,32361,620,4,624
32361,32362,593,10,603
32362,32363,1245,14,1259
32363,32364,62,0,62
32364,32365,34,0,34
32365,32366,987,48,1035
32366,32367,1784,22,1806
32367,32368,1601,60,1661
32368,32369,518,17,535
32369,32370,50,3,53
32370,32371,54,1,55
32371,32372,160,6,166
32372,32373,733,18,751
32373,32374,620,18,638
32374,32375,207,5,212
32375,32376,227,8,235
32376,32377,216,6,222
32377,32378,452,13,465
32378,32379,352,6,358
32379,32380,260,2,262
32380,32381,421,6,427
32381,32382,89,5,94
32382,32383,2256,60,2316
32383,32384,1179,9,1188
32384,32385,253,6,259
32385,32386,954,11,965
32386,32387,367,6,373
32387,32388,195,6,201
32388,32389,1270,27,1297
32389,32390,140,4,144
32390,32391,1963,13,1976
32391,32392,514,6,520
32392,32393,601,11,612
32393,32394,474,12,486
32394,32395,103,1,104
32395,32396,109,2,111
32396,32397,1901,16,1917
32397,32398,488,10,498
32398,32399,748,20,768
32399,32400,95,3,98
32400,32401,387,8,395
32401,32402,252,12,264
32402,32403,132,2,134
32403,32404,791,17,808
32404,32405,376,6,382
32405,32406,742,13,755
32406,32407,202,2,204
32407,32408,131,4,135
32408,32409,485,8,493
32409,32410,88,6,94
32410,32411,159,4,163
32411,32412,555,7,562
32412,32413,91,2,93
32413,32414,2115,74,2189
32414,32415,781,11,792
32415,32416,3249,69,3318
32416,32417,292,5,297
32417,32418,313,2,315
32418,32419,56,4,60
32419,32420,292,16,308
32420,32421,298,4,302
32421,32422,3547,70,3617
32422,32423,389,10,399
32423,32424,36932,212,37144
32424,32425,3441,99,3540
32425,32426,557,6,563
32426,32427,392,7,399
32427,32428,268,5,273
32428,32429,95,3,98
32429,32430,101,3,104
32430,32431,382,8,390
32431,32432,2017,46,2063
32432,32433,228,10,238
32433,32434,180,0,180
32434,32435,84,39,123
32435,32436,166,5,171
32436,32437,170,5,175
32437,32438,523,13,536
32438,32439,134,0,134
32439,32440,303,6,309
32440,32441,2633,49,2682
32441,32442,56,1,57
32442,32443,4744,72,4816
32443,32444,394,11,405
32444,32445,98,0,98
32445,32446,306,12,318
32446,32447,298,9,307
32447,32448,491,10,501
32448,32449,1224,53,1277
32449,32450,2190,49,2239
32450,32451,7125,44,7169
32451,32452,4394,58,4452
32452,32453,816,14,830
32453,32454,1685,19,1704
32454,32455,492,9,501
32455,32456,1647,55,1702
32456,32457,514,6,520
32457,32458,1376,22,1398
32458,32459,977,19,996
32459,32460,377,12,389
32460,32461,163,2,165
32461,32462,170,2,172
32462,32463,78,3,81
32463,32464,154,5,159
32464,32465,838,17,855
32465,32466,4428,53,4481
32466,32467,305,2,307
32467,32468,1216,23,1239
32468,32469,65,2,67
32469,32470,262,5,267
32470,32471,667,7,674
32471,32472,704,21,725
32472,32473,1580,34,1614
32473,32474,18948,385,19333
32474,32475,569,10,579
32475,32476,459,10,469
32476,32477,265,10,275
32477,32478,118,1,119
32478,32479,381,7,388
32479,32480,55,1,56
32480,32481,488,21,509
32481,32482,73,4,77
32482,32483,306,4,310
32483,32484,140,4,144
32484,32485,263,3,266
32485,32486,421,11,432
32486,32487,449,9,458
32487,32488,4295,731,5026
32488,32489,323,6,329
32489,32490,129,1,130
32490,32491,563,2,565
32491,32492,341,9,350
32492,32493,151,6,157
32493,32494,808,64,872
32494,32495,253,3,256
32495,32496,6322,53,6375
32496,32497,2152,38,2190
32497,32498,1346,21,1367
32498,32499,353,5,358
32499,32500,419,77,496
32500,32501,8030,143,8173
32501,32502,67,0,67
32502,32503,117,1,118
32503,32504,1345,37,1382
32504,32505,225,5,230
32505,32506,25624,244,25868
32506,32507,51,1,52
32507,32508,986,14,1000
32508,32509,643,9,652
32509,32510,2840,31,2871
32510,32511,625,5,630
32511,32512,857,14,871
32512,32513,84,0,84
32513,32514,941,26,967
32514,32515,927,19,946
32515,32516,3122,60,3182
32516,32517,597,10,607
32517,32518,493,25,518
32518,32519,881,13,894
32519,32520,712,11,723
32520,32521,7659,32,7691
32521,32522,847,47,894
32522,32523,270,8,278
32523,32524,618,7,625
32524,32525,350,8,358
32525,32526,288,6,294
32526,32527,124,7,131
32527,32528,1247,19,1266
32528,32529,125,4,129
32529,32530,142,2,144
32530,32531,530,14,544
32531,32532,342,7,349
32532,32533,1580,23,1603
32533,32534,511,12,523
32534,32535,860,24,884
32535,32536,28,5,33
32536,32537,874,8,882
32537,32538,119,2,121
32538,32539,553,25,578
32539,32540,191,2,193
32540,32541,1129,14,1143
32541,32542,406,4,410
32542,32543,155,2,157
32543,32544,160,7,167
32544,32545,635,14,649
32545,32546,120,6,126
32546,32547,174,6,180
32547,32548,748,17,765
32548,32549,3696,46,3742
32549,32550,22433,468,22901
32550,32551,182,3,185
32551,32552,5634,67,5701
32552,32553,60,1,61
32553,32554,1616,52,1668
32554,32555,594,15,609
32555,32556,130,6,136
32556,32557,616,15,631
32557,32558,109,0,109
32558,32559,409,12,421
32559,32560,1430,27,1457
32560,32561,777,9,786
32561,32562,194,3,197
32562,32563,40,3,43
32563,32564,2164,30,2194
32564,32565,32256,1450,33706
32565,32566,70,0,70
32566,32567,12266,83,12349
32567,32568,509,8,517
32568,32569,621,15,636
32569,32570,11184,145,11329
32570,32571,54611,157,54768
32571,32572,742,15,757
32572,32573,292,9,301
32573,32574,554,17,571
32574,32575,434,10,444
32575,32576,260,8,268
32576,32577,77,0,77
32577,32578,1510,22,1532
32578,32579,548,10,558
32579,32580,159,4,163
32580,32581,351,5,356
32581,32582,302,4,306
32582,32583,798,13,811
32583,32584,166,4,170
32584,32585,2654,39,2693
32585,32586,415,6,421
32586,32587,776,14,790
32587,32588,1013,13,1026
32588,32589,198,4,202
32589,32590,460,10,470
32590,32591,1623,24,1647
32591,32592,824,17,841
32592,32593,5,0,5
32593,32594,549,7,556
32594,32595,124,2,126
32595,32596,6561,94,6655
32596,32597,298,2,300
32597,32598,1587,6,1593
32598,32599,286,7,293
32599,32600,122,5,127
32600,32601,582,14,596
32601,32602,2662,35,2697
32602,32603,196,9,205
32603,32604,80,1,81
32604,32605,18296,120,18416
32605,32606,599,5,604
32606,32607,245,6,251
32607,32608,61,1,62
32608,32609,184,6,190
32609,32610,189,5,194
32610,32611,46,4,50
32611,32612,511,5,516
32612,32613,12,0,12
32613,32614,196,8,204
32614,32615,682,13,695
32615,32616,806,7,813
32616,32617,931,19,950
32617,32618,990,9,999
32618,32619,827,11,838
32619,32620,3507,74,3581
32620,32621,454,3,457
32621,32622,1205,27,1232
32622,32623,79,4,83
32623,32624,626,15,641
32624,32625,1595,36,1631
32625,32626,138,4,142
32626,32627,101,5,106
32627,32628,442,3,445
32628,32629,135,1,136
32629,32630,1036,28,1064
32630,32631,25629,184,25813
32631,32632,1305,28,1333
32632,32633,1811,148,1959
32633,32634,10912,113,11025
32634,32635,390,10,400
32635,32636,2618,43,2661
32636,32637,1481,14,1495
32637,32638,553,10,563
32638,32639,151,1,152
32639,32640,508,3,511
32640,32641,2054,180,2234
32641,32642,362,3,365
32642,32643,838,21,859
32643,32644,327,8,335
32644,32645,159,3,162
32645,32646,1653,27,1680
32646,32647,314,7,321
32647,32648,372,6,378
32648,32649,761,25,786
32649,32650,592,7,599
32650,32651,3144,150,3294
32651,32652,310,11,321
32652,32653,2610,53,2663
32653,32654,1956,37,1993
32654,32655,195,5,200
32655,32656,288,4,292
32656,32657,490,8,498
32657,32658,29,1,30
32658,32659,5520,127,5647
32659,32660,208,3,211
32660,32661,68,2,70
32661,32662,159,1,160
32662,32663,169,5,174
32663,32664,826,14,840
32664,32665,835,13,848
32665,32666,207,8,215
32666,32667,808,42,850
32667,32668,188,1,189
32668,32669,218,4,222
32669,32670,281,0,281
32670,32671,37,1,38
32671,32672,1012,20,1032
32672,32673,1197,21,1218
32673,32674,2585,59,2644
32674,32675,78,1,79
32675,32676,154,3,157
32676,32677,2556,29,2585
32677,32678,427,6,433
32678,32679,127,3,130
32679,32680,1237,6,1243
32680,32681,1420,9,1429
32681,32682,60,1,61
32682,32683,198,3,201
32683,32684,1547,17,1564
32684,32685,529,3,532
32685,32686,473,11,484
32686,32687,225,3,228
32687,32688,668,9,677
32688,32689,311,8,319
32689,32690,853,7,860
32690,32691,427,10,437
32691,32692,336,5,341
32692,32693,40,1,41
32693,32694,3730,82,3812
32694,32695,299,8,307
32695,32696,844,7,851
32696,32697,665,11,676
32697,32698,1307,15,1322
32698,32699,1430,51,1481
32699,32700,3724,64,3788
32700,32701,300,3,303
32701,32702,674,14,688
32702,32703,657,12,669
32703,32704,356,3,359
32704,32705,1328,32,1360
32705,32706,793,14,807
32706,32707,3483,63,3546
32707,32708,2416,51,2467
32708,32709,546,6,552
32709,32710,2032,69,2101
32710,32711,1164,39,1203
32711,32712,9108,251,9359
32712,32713,188,4,192
32713,32714,389,4,393
32714,32715,4625,26,4651
32715,32716,214,5,219
32716,32717,143,4,147
32717,32718,1757,26,1783
32718,32719,228,4,232
32719,32720,2013,27,2040
32720,32721,46349,1225,47574
32721,32722,227,2,229
32722,32723,199,4,203
32723,32724,8614,229,8843
32724,32725,390,3,393
32725,32726,66851,466,67317
32726,32727,3025,30,3055
32727,32728,9656,56,9712
32728,32729,3702,55,3757
32729,32730,2706,53,2759
32730,32731,251,3,254
32731,32732,652,10,662
